//Quantitative values
86	//Makespan
86	//Mission completion time hauler 1
9	//Application execution time (in millisecond)
//Path to the final points
0,[12,8]
1,[11,8]
2,[10,8]
3,[9,8]
4,[8,8]
5,[7,8]
6,[6,8]
7,[5,8]
8,[4,8]
9,[3,8]
10,[3,7]
11,[3,6]
12,[3,7]
13,[3,8]
14,[3,9]
15,[3,10]
16,[3,11]
17,[3,10]
18,[3,9]
19,[3,8]
20,[3,7]
21,[4,7]
22,[5,7]
23,[6,7]
24,[7,7]
25,[6,7]
26,[5,7]
27,[4,7]
28,[3,7]
29,[3,8]
30,[3,9]
31,[3,10]
32,[3,11]
33,[3,10]
34,[3,9]
35,[3,8]
36,[3,7]
37,[4,7]
38,[5,7]
39,[6,7]
40,[7,7]
41,[6,7]
42,[5,7]
43,[4,7]
44,[3,7]
45,[3,8]
46,[3,9]
47,[3,10]
48,[3,11]
49,[3,10]
50,[3,9]
51,[3,8]
52,[3,7]
53,[3,6]
54,[3,7]
55,[3,8]
56,[3,9]
57,[3,10]
58,[4,10]
59,[5,10]
60,[6,10]
61,[7,10]
62,[7,9]
63,[7,8]
64,[7,7]
65,[7,6]
66,[7,5]
67,[7,4]
68,[7,3]
69,[8,3]
70,[8,2]
71,[8,1]
72,[7,1]
73,[7,2]
74,[7,3]
75,[7,4]
76,[7,5]
77,[7,6]
78,[7,7]
79,[6,7]
80,[5,7]
81,[4,7]
82,[3,7]
83,[3,8]
84,[3,9]
85,[3,10]
86,[3,11]
