//Quantitative values
91	//Makespan
91	//Mission completion time hauler 1
8	//Application execution time (in millisecond)
//Path to the final points
0,[11,6]
1,[10,6]
2,[9,6]
3,[8,6]
4,[7,6]
5,[7,7]
6,[7,6]
7,[8,6]
8,[9,6]
9,[10,6]
10,[11,6]
11,[12,6]
12,[11,6]
13,[10,6]
14,[9,6]
15,[8,6]
16,[7,6]
17,[7,7]
18,[7,6]
19,[8,6]
20,[9,6]
21,[10,6]
22,[11,6]
23,[12,6]
24,[11,6]
25,[10,6]
26,[9,6]
27,[8,6]
28,[7,6]
29,[7,5]
30,[7,4]
31,[7,3]
32,[7,2]
33,[7,1]
34,[6,1]
35,[5,1]
36,[5,2]
37,[5,3]
38,[5,4]
39,[5,5]
40,[5,6]
41,[5,7]
42,[5,8]
43,[5,9]
44,[5,8]
45,[5,7]
46,[5,6]
47,[5,5]
48,[6,5]
49,[7,5]
50,[7,6]
51,[8,6]
52,[9,6]
53,[10,6]
54,[11,6]
55,[12,6]
56,[11,6]
57,[10,6]
58,[9,6]
59,[8,6]
60,[7,6]
61,[7,5]
62,[7,6]
63,[7,7]
64,[7,8]
65,[7,9]
66,[7,10]
67,[8,10]
68,[9,10]
69,[10,10]
70,[9,10]
71,[8,10]
72,[7,10]
73,[7,9]
74,[7,8]
75,[7,7]
76,[7,6]
77,[7,5]
78,[7,4]
79,[7,3]
80,[7,2]
81,[7,1]
82,[7,2]
83,[7,3]
84,[7,4]
85,[7,5]
86,[7,6]
87,[8,6]
88,[9,6]
89,[10,6]
90,[11,6]
91,[12,6]
