//Quantitative values
75	//Makespan
75	//Mission completion time hauler 1
16	//Application execution time (in millisecond)
//Path to the final points
0,[2,7]
1,[2,8]
2,[2,9]
3,[3,9]
4,[3,10]
5,[4,10]
6,[5,10]
7,[6,10]
8,[7,10]
9,[8,10]
10,[7,10]
11,[6,10]
12,[5,10]
13,[4,10]
14,[4,11]
15,[4,12]
16,[4,11]
17,[4,10]
18,[5,10]
19,[6,10]
20,[7,10]
21,[8,10]
22,[7,10]
23,[6,10]
24,[5,10]
25,[4,10]
26,[4,11]
27,[4,12]
28,[3,12]
29,[2,12]
30,[1,12]
31,[1,11]
32,[1,10]
33,[1,9]
34,[1,8]
35,[1,7]
36,[1,6]
37,[1,5]
38,[1,4]
39,[1,3]
40,[1,2]
41,[1,1]
42,[1,2]
43,[1,3]
44,[1,4]
45,[1,5]
46,[1,6]
47,[1,7]
48,[2,7]
49,[3,7]
50,[4,7]
51,[3,7]
52,[3,8]
53,[3,9]
54,[3,10]
55,[3,11]
56,[3,12]
57,[4,12]
58,[5,12]
59,[6,12]
60,[5,12]
61,[4,12]
62,[3,12]
63,[3,11]
64,[3,10]
65,[3,9]
66,[3,8]
67,[3,7]
68,[3,8]
69,[3,9]
70,[3,10]
71,[4,10]
72,[5,10]
73,[6,10]
74,[7,10]
75,[8,10]
