//Quantitative values
140	//Makespan
140	//Mission completion time hauler 1
33	//Application execution time (in millisecond)
//Path to the final points
0,[8,3]
1,[7,3]
2,[6,3]
3,[5,3]
4,[5,4]
5,[5,5]
6,[5,6]
7,[5,7]
8,[4,7]
9,[3,7]
10,[2,7]
11,[1,7]
12,[1,8]
13,[1,9]
14,[1,10]
15,[1,11]
16,[1,12]
17,[2,12]
18,[3,12]
19,[4,12]
20,[5,12]
21,[6,12]
22,[7,12]
23,[8,12]
24,[9,12]
25,[9,11]
26,[9,10]
27,[8,10]
28,[7,10]
29,[8,10]
30,[9,10]
31,[9,11]
32,[9,12]
33,[8,12]
34,[7,12]
35,[6,12]
36,[5,12]
37,[4,12]
38,[3,12]
39,[2,12]
40,[1,12]
41,[1,11]
42,[1,10]
43,[1,11]
44,[1,12]
45,[2,12]
46,[3,12]
47,[4,12]
48,[5,12]
49,[6,12]
50,[7,12]
51,[8,12]
52,[9,12]
53,[9,11]
54,[9,10]
55,[10,10]
56,[9,10]
57,[9,11]
58,[9,12]
59,[8,12]
60,[7,12]
61,[6,12]
62,[5,12]
63,[4,12]
64,[3,12]
65,[2,12]
66,[1,12]
67,[1,11]
68,[1,10]
69,[1,11]
70,[1,12]
71,[2,12]
72,[3,12]
73,[4,12]
74,[5,12]
75,[6,12]
76,[7,12]
77,[8,12]
78,[9,12]
79,[9,11]
80,[9,10]
81,[8,10]
82,[7,10]
83,[7,9]
84,[7,8]
85,[7,7]
86,[7,6]
87,[7,5]
88,[7,4]
89,[8,4]
90,[8,3]
91,[8,2]
92,[9,2]
93,[10,2]
94,[11,2]
95,[12,2]
96,[12,3]
97,[12,4]
98,[11,4]
99,[11,5]
100,[11,6]
101,[11,7]
102,[11,6]
103,[11,5]
104,[11,4]
105,[12,4]
106,[12,3]
107,[12,2]
108,[11,2]
109,[10,2]
110,[9,2]
111,[8,2]
112,[8,3]
113,[8,4]
114,[7,4]
115,[7,5]
116,[7,6]
117,[7,7]
118,[7,8]
119,[7,9]
120,[7,10]
121,[8,10]
122,[9,10]
123,[10,10]
124,[11,10]
125,[12,10]
126,[12,9]
127,[12,8]
128,[12,7]
129,[12,6]
130,[12,5]
131,[12,4]
132,[12,3]
133,[12,2]
134,[11,2]
135,[10,2]
136,[9,2]
137,[8,2]
138,[7,2]
139,[6,2]
140,[6,3]
