//Quantitative values
126	//Makespan
126	//Mission completion time hauler 1
11	//Application execution time (in millisecond)
//Path to the final points
0,[3,3]
1,[3,4]
2,[3,5]
3,[3,6]
4,[3,7]
5,[4,7]
6,[5,7]
7,[5,6]
8,[5,5]
9,[5,4]
10,[6,4]
11,[7,4]
12,[7,5]
13,[7,6]
14,[7,5]
15,[7,4]
16,[6,4]
17,[5,4]
18,[5,5]
19,[5,6]
20,[5,7]
21,[4,7]
22,[3,7]
23,[2,7]
24,[1,7]
25,[1,8]
26,[1,9]
27,[1,10]
28,[1,11]
29,[1,10]
30,[1,9]
31,[2,9]
32,[3,9]
33,[3,8]
34,[3,7]
35,[4,7]
36,[5,7]
37,[5,6]
38,[5,5]
39,[5,4]
40,[6,4]
41,[7,4]
42,[7,5]
43,[7,4]
44,[6,4]
45,[5,4]
46,[5,5]
47,[5,6]
48,[5,7]
49,[4,7]
50,[3,7]
51,[3,8]
52,[3,9]
53,[2,9]
54,[1,9]
55,[1,10]
56,[1,11]
57,[1,10]
58,[1,9]
59,[2,9]
60,[3,9]
61,[2,9]
62,[1,9]
63,[1,10]
64,[1,11]
65,[1,12]
66,[2,12]
67,[3,12]
68,[4,12]
69,[5,12]
70,[6,12]
71,[7,12]
72,[8,12]
73,[9,12]
74,[9,11]
75,[9,10]
76,[8,10]
77,[7,10]
78,[7,9]
79,[7,8]
80,[7,7]
81,[7,6]
82,[7,5]
83,[7,4]
84,[6,4]
85,[5,4]
86,[5,5]
87,[5,6]
88,[5,7]
89,[4,7]
90,[3,7]
91,[2,7]
92,[2,6]
93,[2,5]
94,[2,4]
95,[2,5]
96,[2,6]
97,[2,7]
98,[3,7]
99,[4,7]
100,[5,7]
101,[5,6]
102,[5,5]
103,[5,4]
104,[6,4]
105,[7,4]
106,[7,5]
107,[7,6]
108,[7,7]
109,[7,8]
110,[7,9]
111,[7,8]
112,[7,7]
113,[7,6]
114,[7,5]
115,[7,4]
116,[6,4]
117,[5,4]
118,[5,5]
119,[5,6]
120,[5,7]
121,[4,7]
122,[3,7]
123,[2,7]
124,[2,6]
125,[2,5]
126,[2,4]
