//Quantitative values
142	//Makespan
142	//Mission completion time hauler 1
12	//Application execution time (in millisecond)
//Path to the final points
0,[7,5]
1,[8,5]
2,[8,6]
3,[8,7]
4,[8,8]
5,[8,9]
6,[9,9]
7,[10,9]
8,[11,9]
9,[10,9]
10,[9,9]
11,[8,9]
12,[8,8]
13,[8,7]
14,[8,6]
15,[8,5]
16,[7,5]
17,[7,4]
18,[6,4]
19,[5,4]
20,[5,5]
21,[5,6]
22,[5,7]
23,[4,7]
24,[4,8]
25,[4,9]
26,[5,9]
27,[5,8]
28,[5,7]
29,[5,6]
30,[5,5]
31,[5,4]
32,[6,4]
33,[7,4]
34,[7,5]
35,[8,5]
36,[8,6]
37,[8,7]
38,[8,8]
39,[8,9]
40,[9,9]
41,[10,9]
42,[11,9]
43,[10,9]
44,[9,9]
45,[9,10]
46,[9,11]
47,[9,12]
48,[8,12]
49,[7,12]
50,[6,12]
51,[5,12]
52,[4,12]
53,[3,12]
54,[3,11]
55,[3,10]
56,[3,9]
57,[4,9]
58,[5,9]
59,[5,8]
60,[5,7]
61,[5,6]
62,[5,5]
63,[5,4]
64,[6,4]
65,[7,4]
66,[7,5]
67,[8,5]
68,[8,6]
69,[8,7]
70,[8,8]
71,[8,9]
72,[9,9]
73,[10,9]
74,[11,9]
75,[10,9]
76,[9,9]
77,[9,10]
78,[9,11]
79,[9,12]
80,[8,12]
81,[7,12]
82,[6,12]
83,[5,12]
84,[4,12]
85,[3,12]
86,[3,11]
87,[3,10]
88,[3,9]
89,[4,9]
90,[5,9]
91,[5,8]
92,[5,7]
93,[5,6]
94,[5,5]
95,[5,4]
96,[6,4]
97,[7,4]
98,[7,5]
99,[8,5]
100,[8,6]
101,[8,7]
102,[8,8]
103,[8,9]
104,[9,9]
105,[10,9]
106,[11,9]
107,[10,9]
108,[9,9]
109,[9,10]
110,[9,11]
111,[9,12]
112,[8,12]
113,[7,12]
114,[6,12]
115,[5,12]
116,[4,12]
117,[3,12]
118,[3,11]
119,[3,10]
120,[3,9]
121,[4,9]
122,[5,9]
123,[5,8]
124,[5,7]
125,[5,6]
126,[5,5]
127,[5,4]
128,[6,4]
129,[7,4]
130,[7,5]
131,[8,5]
132,[8,6]
133,[8,7]
134,[8,8]
135,[8,9]
136,[9,9]
137,[10,9]
138,[11,9]
139,[10,9]
140,[9,9]
141,[8,9]
142,[7,9]
