//Quantitative values
71	//Makespan
71	//Mission completion time hauler 1
19	//Application execution time (in millisecond)
//Path to the final points
0,[5,4]
1,[4,4]
2,[3,4]
3,[3,5]
4,[3,6]
5,[3,7]
6,[3,8]
7,[3,9]
8,[3,10]
9,[3,11]
10,[3,10]
11,[3,9]
12,[3,8]
13,[3,7]
14,[3,6]
15,[4,6]
16,[5,6]
17,[6,6]
18,[7,6]
19,[8,6]
20,[9,6]
21,[10,6]
22,[9,6]
23,[8,6]
24,[7,6]
25,[6,6]
26,[5,6]
27,[4,6]
28,[3,6]
29,[3,5]
30,[3,6]
31,[4,6]
32,[5,6]
33,[6,6]
34,[7,6]
35,[8,6]
36,[9,6]
37,[10,6]
38,[9,6]
39,[8,6]
40,[7,6]
41,[6,6]
42,[5,6]
43,[4,6]
44,[3,6]
45,[3,5]
46,[3,6]
47,[4,6]
48,[5,6]
49,[6,6]
50,[7,6]
51,[8,6]
52,[9,6]
53,[10,6]
54,[9,6]
55,[8,6]
56,[7,6]
57,[6,6]
58,[5,6]
59,[4,6]
60,[3,6]
61,[3,7]
62,[3,8]
63,[3,9]
64,[3,10]
65,[3,11]
66,[3,10]
67,[3,9]
68,[3,8]
69,[3,9]
70,[3,10]
71,[3,11]
