//Quantitative values
125	//Makespan
125	//Mission completion time hauler 1
37	//Application execution time (in millisecond)
//Path to the final points
0,[2,8]
1,[2,7]
2,[3,7]
3,[4,7]
4,[5,7]
5,[5,6]
6,[5,5]
7,[5,4]
8,[6,4]
9,[7,4]
10,[7,5]
11,[7,6]
12,[7,7]
13,[7,8]
14,[7,7]
15,[7,6]
16,[7,5]
17,[7,4]
18,[6,4]
19,[5,4]
20,[5,5]
21,[5,6]
22,[5,7]
23,[4,7]
24,[3,7]
25,[2,7]
26,[1,7]
27,[1,6]
28,[1,5]
29,[1,4]
30,[1,3]
31,[1,2]
32,[1,1]
33,[2,1]
34,[3,1]
35,[4,1]
36,[5,1]
37,[6,1]
38,[6,2]
39,[7,2]
40,[8,2]
41,[9,2]
42,[10,2]
43,[11,2]
44,[12,2]
45,[12,3]
46,[12,4]
47,[12,5]
48,[12,6]
49,[12,7]
50,[12,6]
51,[12,5]
52,[12,4]
53,[12,3]
54,[12,2]
55,[11,2]
56,[10,2]
57,[9,2]
58,[8,2]
59,[7,2]
60,[6,2]
61,[5,2]
62,[5,1]
63,[4,1]
64,[3,1]
65,[2,1]
66,[1,1]
67,[1,2]
68,[1,3]
69,[1,4]
70,[1,5]
71,[1,4]
72,[1,3]
73,[1,2]
74,[1,1]
75,[2,1]
76,[3,1]
77,[4,1]
78,[5,1]
79,[5,2]
80,[6,2]
81,[7,2]
82,[8,2]
83,[9,2]
84,[10,2]
85,[11,2]
86,[12,2]
87,[12,3]
88,[12,4]
89,[12,5]
90,[12,6]
91,[12,7]
92,[12,6]
93,[12,5]
94,[12,4]
95,[12,3]
96,[12,2]
97,[11,2]
98,[10,2]
99,[9,2]
100,[8,2]
101,[7,2]
102,[6,2]
103,[5,2]
104,[5,1]
105,[4,1]
106,[3,1]
107,[2,1]
108,[1,1]
109,[1,2]
110,[1,3]
111,[1,4]
112,[1,5]
113,[1,4]
114,[1,3]
115,[1,2]
116,[1,1]
117,[2,1]
118,[3,1]
119,[4,1]
120,[5,1]
121,[5,2]
122,[6,2]
123,[7,2]
124,[8,2]
125,[9,2]
