//Quantitative values
63	//Makespan
63	//Mission completion time hauler 1
6	//Application execution time (in millisecond)
//Path to the final points
0,[1,12]
1,[1,11]
2,[1,10]
3,[1,9]
4,[1,8]
5,[1,7]
6,[1,6]
7,[1,5]
8,[1,4]
9,[1,3]
10,[1,2]
11,[1,1]
12,[2,1]
13,[3,1]
14,[4,1]
15,[5,1]
16,[6,1]
17,[7,1]
18,[8,1]
19,[7,1]
20,[6,1]
21,[5,1]
22,[5,2]
23,[5,3]
24,[5,4]
25,[5,5]
26,[5,6]
27,[5,7]
28,[5,8]
29,[5,9]
30,[5,10]
31,[5,11]
32,[5,10]
33,[5,9]
34,[5,8]
35,[5,7]
36,[5,6]
37,[5,5]
38,[5,4]
39,[5,3]
40,[5,4]
41,[5,5]
42,[6,5]
43,[7,5]
44,[8,5]
45,[9,5]
46,[10,5]
47,[11,5]
48,[10,5]
49,[9,5]
50,[8,5]
51,[7,5]
52,[6,5]
53,[6,4]
54,[6,3]
55,[6,2]
56,[6,3]
57,[6,4]
58,[6,5]
59,[7,5]
60,[8,5]
61,[9,5]
62,[10,5]
63,[11,5]
