//Quantitative values
54	//Makespan
54	//Mission completion time hauler 1
10	//Application execution time (in millisecond)
//Path to the final points
0,[12,9]
1,[11,9]
2,[10,9]
3,[9,9]
4,[8,9]
5,[7,9]
6,[6,9]
7,[5,9]
8,[4,9]
9,[3,9]
10,[2,9]
11,[1,9]
12,[1,8]
13,[1,7]
14,[1,6]
15,[1,5]
16,[1,4]
17,[1,3]
18,[2,3]
19,[1,3]
20,[1,4]
21,[1,5]
22,[1,6]
23,[1,7]
24,[1,8]
25,[1,9]
26,[1,10]
27,[2,10]
28,[3,10]
29,[4,10]
30,[5,10]
31,[6,10]
32,[7,10]
33,[8,10]
34,[9,10]
35,[10,10]
36,[11,10]
37,[10,10]
38,[9,10]
39,[8,10]
40,[7,10]
41,[6,10]
42,[5,10]
43,[4,10]
44,[3,10]
45,[2,10]
46,[1,10]
47,[1,9]
48,[1,8]
49,[1,7]
50,[1,6]
51,[1,5]
52,[1,4]
53,[1,3]
54,[2,3]
