//Quantitative values
125	//Makespan
125	//Mission completion time hauler 1
39	//Application execution time (in millisecond)
//Path to the final points
0,[8,3]
1,[7,3]
2,[6,3]
3,[5,3]
4,[5,4]
5,[5,5]
6,[5,6]
7,[5,7]
8,[4,7]
9,[3,7]
10,[2,7]
11,[1,7]
12,[1,8]
13,[1,9]
14,[1,10]
15,[1,9]
16,[1,8]
17,[1,7]
18,[2,7]
19,[3,7]
20,[4,7]
21,[5,7]
22,[5,6]
23,[5,5]
24,[5,4]
25,[5,3]
26,[6,3]
27,[6,4]
28,[7,4]
29,[8,4]
30,[8,3]
31,[8,2]
32,[9,2]
33,[10,2]
34,[11,2]
35,[12,2]
36,[12,3]
37,[12,4]
38,[11,4]
39,[11,5]
40,[11,6]
41,[11,7]
42,[11,6]
43,[11,5]
44,[11,4]
45,[12,4]
46,[12,3]
47,[12,2]
48,[11,2]
49,[10,2]
50,[9,2]
51,[8,2]
52,[8,3]
53,[8,4]
54,[7,4]
55,[7,5]
56,[7,6]
57,[7,7]
58,[7,8]
59,[7,9]
60,[7,10]
61,[8,10]
62,[9,10]
63,[9,11]
64,[9,12]
65,[8,12]
66,[7,12]
67,[6,12]
68,[5,12]
69,[4,12]
70,[3,12]
71,[2,12]
72,[1,12]
73,[1,11]
74,[1,10]
75,[1,9]
76,[1,8]
77,[1,7]
78,[2,7]
79,[3,7]
80,[4,7]
81,[5,7]
82,[5,6]
83,[5,5]
84,[5,4]
85,[5,3]
86,[6,3]
87,[6,2]
88,[7,2]
89,[8,2]
90,[9,2]
91,[10,2]
92,[11,2]
93,[12,2]
94,[12,3]
95,[12,4]
96,[12,5]
97,[12,4]
98,[12,3]
99,[12,2]
100,[11,2]
101,[10,2]
102,[9,2]
103,[8,2]
104,[7,2]
105,[6,2]
106,[6,3]
107,[6,2]
108,[7,2]
109,[8,2]
110,[9,2]
111,[10,2]
112,[11,2]
113,[12,2]
114,[12,3]
115,[12,4]
116,[12,5]
117,[11,5]
118,[11,6]
119,[11,7]
120,[11,6]
121,[11,5]
122,[12,5]
123,[11,5]
124,[11,6]
125,[11,7]
