//Quantitative values
86	//Makespan
86	//Mission completion time hauler 1
16	//Application execution time (in millisecond)
//Path to the final points
0,[3,3]
1,[3,4]
2,[3,5]
3,[3,6]
4,[3,7]
5,[4,7]
6,[5,7]
7,[6,7]
8,[7,7]
9,[6,7]
10,[5,7]
11,[4,7]
12,[3,7]
13,[2,7]
14,[1,7]
15,[1,8]
16,[1,9]
17,[1,10]
18,[1,11]
19,[1,10]
20,[1,9]
21,[2,9]
22,[3,9]
23,[4,9]
24,[5,9]
25,[6,9]
26,[7,9]
27,[7,8]
28,[7,7]
29,[7,6]
30,[7,5]
31,[7,6]
32,[6,6]
33,[5,6]
34,[4,6]
35,[3,6]
36,[2,6]
37,[2,5]
38,[2,4]
39,[2,5]
40,[2,6]
41,[3,6]
42,[4,6]
43,[5,6]
44,[6,6]
45,[7,6]
46,[6,6]
47,[5,6]
48,[4,6]
49,[3,6]
50,[2,6]
51,[2,5]
52,[2,4]
53,[2,5]
54,[2,6]
55,[2,7]
56,[2,8]
57,[2,9]
58,[3,9]
59,[3,8]
60,[3,7]
61,[3,6]
62,[3,5]
63,[4,5]
64,[5,5]
65,[6,5]
66,[7,5]
67,[7,6]
68,[6,6]
69,[5,6]
70,[4,6]
71,[3,6]
72,[2,6]
73,[1,6]
74,[1,7]
75,[1,8]
76,[1,9]
77,[1,10]
78,[1,11]
79,[1,10]
80,[1,9]
81,[2,9]
82,[3,9]
83,[2,9]
84,[1,9]
85,[1,10]
86,[1,11]
