//Quantitative values
100	//Makespan
100	//Mission completion time hauler 1
17	//Application execution time (in millisecond)
//Path to the final points
0,[7,5]
1,[6,5]
2,[5,5]
3,[4,5]
4,[3,5]
5,[2,5]
6,[1,5]
7,[1,6]
8,[1,7]
9,[1,8]
10,[1,9]
11,[2,9]
12,[3,9]
13,[4,9]
14,[5,9]
15,[6,9]
16,[7,9]
17,[6,9]
18,[5,9]
19,[4,9]
20,[3,9]
21,[2,9]
22,[1,9]
23,[1,8]
24,[1,7]
25,[1,6]
26,[1,5]
27,[1,6]
28,[1,7]
29,[1,8]
30,[1,9]
31,[2,9]
32,[3,9]
33,[4,9]
34,[5,9]
35,[4,9]
36,[3,9]
37,[2,9]
38,[1,9]
39,[1,8]
40,[1,7]
41,[1,6]
42,[1,5]
43,[1,4]
44,[2,4]
45,[3,4]
46,[4,4]
47,[5,4]
48,[5,5]
49,[5,6]
50,[5,7]
51,[5,8]
52,[5,9]
53,[5,10]
54,[6,10]
55,[7,10]
56,[8,10]
57,[9,10]
58,[10,10]
59,[11,10]
60,[10,10]
61,[9,10]
62,[8,10]
63,[7,10]
64,[6,10]
65,[5,10]
66,[5,9]
67,[6,9]
68,[7,9]
69,[8,9]
70,[9,9]
71,[10,9]
72,[11,9]
73,[10,9]
74,[9,9]
75,[8,9]
76,[7,9]
77,[6,9]
78,[5,9]
79,[5,8]
80,[5,7]
81,[5,6]
82,[5,5]
83,[5,4]
84,[4,4]
85,[4,5]
86,[4,6]
87,[4,7]
88,[4,8]
89,[4,9]
90,[5,9]
91,[6,9]
92,[7,9]
93,[8,9]
94,[9,9]
95,[10,9]
96,[11,9]
97,[10,9]
98,[9,9]
99,[8,9]
100,[7,9]
