//Quantitative values
81	//Makespan
81	//Mission completion time hauler 1
13	//Application execution time (in millisecond)
//Path to the final points
0,[5,4]
1,[5,5]
2,[5,6]
3,[5,7]
4,[4,7]
5,[3,7]
6,[3,8]
7,[3,9]
8,[3,10]
9,[3,11]
10,[3,10]
11,[3,9]
12,[3,8]
13,[3,9]
14,[3,8]
15,[3,7]
16,[3,6]
17,[3,5]
18,[3,6]
19,[3,7]
20,[3,8]
21,[3,9]
22,[3,10]
23,[3,11]
24,[3,10]
25,[3,9]
26,[3,8]
27,[3,9]
28,[3,8]
29,[3,7]
30,[4,7]
31,[5,7]
32,[5,6]
33,[5,5]
34,[5,4]
35,[5,3]
36,[5,2]
37,[6,2]
38,[7,2]
39,[8,2]
40,[9,2]
41,[10,2]
42,[11,2]
43,[12,2]
44,[12,3]
45,[12,4]
46,[11,4]
47,[10,4]
48,[10,5]
49,[10,6]
50,[10,5]
51,[10,4]
52,[11,4]
53,[12,4]
54,[12,3]
55,[12,2]
56,[11,2]
57,[10,2]
58,[9,2]
59,[8,2]
60,[7,2]
61,[6,2]
62,[5,2]
63,[5,3]
64,[5,4]
65,[5,5]
66,[5,6]
67,[5,7]
68,[4,7]
69,[3,7]
70,[3,8]
71,[3,9]
72,[3,8]
73,[3,7]
74,[4,7]
75,[5,7]
76,[5,6]
77,[5,7]
78,[4,7]
79,[3,7]
80,[3,8]
81,[3,9]
