//Quantitative values
154	//Makespan
154	//Mission completion time hauler 1
38	//Application execution time (in millisecond)
//Path to the final points
0,[2,8]
1,[1,8]
2,[1,7]
3,[1,6]
4,[1,5]
5,[1,4]
6,[1,3]
7,[1,2]
8,[1,1]
9,[2,1]
10,[3,1]
11,[4,1]
12,[5,1]
13,[5,2]
14,[6,2]
15,[7,2]
16,[8,2]
17,[9,2]
18,[10,2]
19,[11,2]
20,[12,2]
21,[12,3]
22,[12,4]
23,[12,5]
24,[12,6]
25,[12,7]
26,[12,6]
27,[12,5]
28,[12,4]
29,[12,3]
30,[12,2]
31,[11,2]
32,[10,2]
33,[9,2]
34,[10,2]
35,[11,2]
36,[12,2]
37,[12,3]
38,[12,4]
39,[12,5]
40,[12,6]
41,[12,7]
42,[12,6]
43,[12,5]
44,[12,4]
45,[12,3]
46,[12,2]
47,[11,2]
48,[10,2]
49,[9,2]
50,[8,2]
51,[7,2]
52,[7,3]
53,[7,4]
54,[7,5]
55,[7,6]
56,[7,7]
57,[7,8]
58,[7,7]
59,[7,6]
60,[7,5]
61,[7,4]
62,[6,4]
63,[5,4]
64,[5,5]
65,[5,6]
66,[5,7]
67,[4,7]
68,[3,7]
69,[2,7]
70,[1,7]
71,[1,6]
72,[1,5]
73,[1,4]
74,[1,3]
75,[1,2]
76,[1,1]
77,[2,1]
78,[3,1]
79,[4,1]
80,[5,1]
81,[5,2]
82,[6,2]
83,[7,2]
84,[8,2]
85,[9,2]
86,[10,2]
87,[11,2]
88,[12,2]
89,[12,3]
90,[12,4]
91,[12,5]
92,[12,6]
93,[12,7]
94,[12,6]
95,[12,5]
96,[12,4]
97,[12,3]
98,[12,2]
99,[11,2]
100,[10,2]
101,[9,2]
102,[8,2]
103,[7,2]
104,[6,2]
105,[5,2]
106,[5,1]
107,[4,1]
108,[3,1]
109,[2,1]
110,[1,1]
111,[1,2]
112,[1,3]
113,[1,4]
114,[1,5]
115,[1,6]
116,[1,7]
117,[1,8]
118,[1,9]
119,[1,10]
120,[1,11]
121,[1,12]
122,[2,12]
123,[3,12]
124,[4,12]
125,[5,12]
126,[6,12]
127,[7,12]
128,[8,12]
129,[9,12]
130,[10,12]
131,[9,12]
132,[9,11]
133,[9,10]
134,[8,10]
135,[7,10]
136,[7,9]
137,[7,8]
138,[7,7]
139,[7,6]
140,[7,5]
141,[7,4]
142,[7,3]
143,[7,2]
144,[8,2]
145,[9,2]
146,[8,2]
147,[7,2]
148,[6,2]
149,[5,2]
150,[5,1]
151,[4,1]
152,[3,1]
153,[2,1]
154,[1,1]
