//Quantitative values
136	//Makespan
136	//Mission completion time hauler 1
33	//Application execution time (in millisecond)
//Path to the final points
0,[8,10]
1,[7,10]
2,[7,9]
3,[7,8]
4,[7,7]
5,[7,6]
6,[7,5]
7,[7,4]
8,[6,4]
9,[5,4]
10,[4,4]
11,[3,4]
12,[2,4]
13,[1,4]
14,[1,3]
15,[1,4]
16,[1,5]
17,[1,6]
18,[1,7]
19,[1,8]
20,[1,9]
21,[1,8]
22,[1,7]
23,[1,6]
24,[1,5]
25,[1,4]
26,[1,3]
27,[1,4]
28,[1,5]
29,[1,6]
30,[1,7]
31,[1,8]
32,[1,9]
33,[2,9]
34,[3,9]
35,[4,9]
36,[5,9]
37,[4,9]
38,[3,9]
39,[2,9]
40,[1,9]
41,[1,8]
42,[1,7]
43,[1,6]
44,[1,5]
45,[1,4]
46,[1,3]
47,[1,4]
48,[1,5]
49,[1,6]
50,[1,7]
51,[1,8]
52,[1,9]
53,[2,9]
54,[3,9]
55,[4,9]
56,[5,9]
57,[4,9]
58,[3,9]
59,[2,9]
60,[1,9]
61,[1,8]
62,[1,7]
63,[1,6]
64,[1,5]
65,[1,4]
66,[1,3]
67,[1,4]
68,[2,4]
69,[3,4]
70,[4,4]
71,[5,4]
72,[6,4]
73,[7,4]
74,[7,5]
75,[7,6]
76,[7,7]
77,[7,8]
78,[8,8]
79,[7,8]
80,[7,7]
81,[7,6]
82,[7,5]
83,[7,4]
84,[6,4]
85,[5,4]
86,[4,4]
87,[3,4]
88,[2,4]
89,[1,4]
90,[1,3]
91,[1,2]
92,[1,1]
93,[1,2]
94,[1,3]
95,[1,4]
96,[2,4]
97,[3,4]
98,[4,4]
99,[5,4]
100,[6,4]
101,[7,4]
102,[7,5]
103,[7,6]
104,[7,7]
105,[7,8]
106,[7,9]
107,[8,9]
108,[9,9]
109,[8,9]
110,[7,9]
111,[7,8]
112,[7,7]
113,[7,6]
114,[7,5]
115,[7,4]
116,[6,4]
117,[5,4]
118,[4,4]
119,[3,4]
120,[2,4]
121,[1,4]
122,[1,3]
123,[1,4]
124,[2,4]
125,[3,4]
126,[4,4]
127,[5,4]
128,[6,4]
129,[7,4]
130,[7,5]
131,[7,6]
132,[7,7]
133,[7,8]
134,[7,9]
135,[8,9]
136,[9,9]
