//Quantitative values
143	//Makespan
143	//Mission completion time hauler 1
36	//Application execution time (in millisecond)
//Path to the final points
0,[2,4]
1,[2,5]
2,[2,6]
3,[2,7]
4,[3,7]
5,[3,6]
6,[3,5]
7,[3,4]
8,[4,4]
9,[5,4]
10,[6,4]
11,[7,4]
12,[7,5]
13,[8,5]
14,[9,5]
15,[10,5]
16,[11,5]
17,[12,5]
18,[11,5]
19,[10,5]
20,[9,5]
21,[8,5]
22,[7,5]
23,[7,4]
24,[6,4]
25,[5,4]
26,[4,4]
27,[3,4]
28,[3,5]
29,[3,6]
30,[3,7]
31,[3,6]
32,[3,5]
33,[3,4]
34,[4,4]
35,[5,4]
36,[6,4]
37,[7,4]
38,[7,5]
39,[7,6]
40,[7,7]
41,[8,7]
42,[9,7]
43,[10,7]
44,[11,7]
45,[12,7]
46,[11,7]
47,[10,7]
48,[9,7]
49,[8,7]
50,[8,6]
51,[8,5]
52,[8,6]
53,[8,7]
54,[9,7]
55,[10,7]
56,[11,7]
57,[12,7]
58,[11,7]
59,[10,7]
60,[9,7]
61,[8,7]
62,[7,7]
63,[7,6]
64,[7,5]
65,[7,4]
66,[6,4]
67,[5,4]
68,[4,4]
69,[3,4]
70,[2,4]
71,[1,4]
72,[1,5]
73,[1,6]
74,[1,5]
75,[1,4]
76,[2,4]
77,[3,4]
78,[4,4]
79,[5,4]
80,[6,4]
81,[7,4]
82,[7,5]
83,[8,5]
84,[9,5]
85,[10,5]
86,[11,5]
87,[12,5]
88,[11,5]
89,[10,5]
90,[9,5]
91,[8,5]
92,[7,5]
93,[7,4]
94,[6,4]
95,[5,4]
96,[4,4]
97,[3,4]
98,[3,5]
99,[3,6]
100,[3,7]
101,[3,6]
102,[3,5]
103,[3,4]
104,[4,4]
105,[5,4]
106,[6,4]
107,[7,4]
108,[7,5]
109,[8,5]
110,[9,5]
111,[10,5]
112,[11,5]
113,[12,5]
114,[11,5]
115,[10,5]
116,[9,5]
117,[8,5]
118,[7,5]
119,[7,4]
120,[6,4]
121,[5,4]
122,[4,4]
123,[4,5]
124,[4,6]
125,[4,7]
126,[4,8]
127,[4,9]
128,[4,10]
129,[4,9]
130,[4,8]
131,[4,7]
132,[4,6]
133,[4,5]
134,[4,4]
135,[5,4]
136,[6,4]
137,[7,4]
138,[7,5]
139,[8,5]
140,[9,5]
141,[10,5]
142,[11,5]
143,[12,5]
