//Quantitative values
132	//Makespan
132	//Mission completion time hauler 1
102	//Mission completion time hauler 2
22	//Application execution time (in millisecond)
//Path to the final points
0,[5,12],[12,9]
1,[4,12],[11,9]
2,[3,12],[10,9]
3,[2,12],[9,9]
4,[1,12],[8,9]
5,[1,11],[8,10]
6,[1,10],[9,10]
7,[1,9],[9,11]
8,[1,8],[9,12]
9,[1,7],[8,12]
10,[1,6],[7,12]
11,[1,5],[6,12]
12,[1,4],[5,12]
13,[1,3],[4,12]
14,[1,2],[3,12]
15,[1,1],[2,12]
16,[1,2],[1,12]
17,[1,3],[1,11]
18,[1,4],[1,12]
19,[1,5],[2,12]
20,[1,6],[3,12]
21,[1,7],[4,12]
22,[1,8],[5,12]
23,[1,9],[6,12]
24,[1,10],[7,12]
25,[1,11],[8,12]
26,[1,12],[9,12]
27,[2,12],[9,11]
28,[3,12],[9,10]
29,[4,12],[8,10]
30,[5,12],[7,10]
31,[6,12],[7,9]
32,[7,12],[7,8]
33,[8,12],[7,7]
34,[9,12],[7,6]
35,[9,11],[7,5]
36,[9,10],[7,4]
37,[9,9],[6,4]
38,[9,8],[5,4]
39,[9,7],[4,4]
40,[9,6],[3,4]
41,[10,6],[3,5]
42,[9,6],[3,6]
43,[8,6],[3,7]
44,[7,6],[3,6]
45,[7,5],[3,5]
46,[7,4],[3,4]
47,[6,4],[4,4]
48,[5,4],[5,4]
49,[4,4],[6,4]
50,[3,4],[7,4]
51,[2,4],[7,5]
52,[2,5],[7,6]
53,[2,6],[7,7]
54,[2,7],[7,8]
55,[1,7],[7,9]
56,[1,6],[7,10]
57,[1,5],[8,10]
58,[1,4],[7,10]
59,[1,3],[7,9]
60,[1,2],[7,8]
61,[1,1],[7,7]
62,[1,2],[7,6]
63,[1,3],[8,6]
64,[1,4],[9,6]
65,[2,4],[10,6]
66,[3,4],[9,6]
67,[4,4],[8,6]
68,[5,4],[7,6]
69,[6,4],[7,5]
70,[7,4],[7,4]
71,[7,5],[6,4]
72,[7,6],[5,4]
73,[8,6],[4,4]
74,[9,6],[3,4]
75,[10,6],[3,5]
76,[9,6],[3,6]
77,[8,6],[3,7]
78,[7,6],[2,7]
79,[7,5],[1,7]
80,[7,4],[1,6]
81,[6,4],[1,5]
82,[5,4],[1,4]
83,[4,4],[1,3]
84,[3,4],[1,2]
85,[2,4],[1,1]
86,[2,5],[1,2]
87,[2,6],[1,3]
88,[2,7],[1,4]
89,[1,7],[2,4]
90,[1,6],[3,4]
91,[1,5],[4,4]
92,[1,4],[5,4]
93,[1,3],[6,4]
94,[1,2],[7,4]
95,[1,1],[7,5]
96,[1,2],[7,6]
97,[1,3],[8,6]
98,[1,4],[9,6]
99,[1,5],[10,6]
100,[1,6],[9,6]
101,[1,7],[8,6]
102,[1,8],[7,6]
103,[1,9],[7,6]
104,[1,10],[7,6]
105,[1,11],[7,6]
106,[1,12],[7,6]
107,[2,12],[7,6]
108,[3,12],[7,6]
109,[4,12],[7,6]
110,[5,12],[7,6]
111,[6,12],[7,6]
112,[7,12],[7,6]
113,[8,12],[7,6]
114,[9,12],[7,6]
115,[9,11],[7,6]
116,[9,10],[7,6]
117,[8,10],[7,6]
118,[7,10],[7,6]
119,[7,9],[7,6]
120,[7,8],[7,6]
121,[7,7],[7,6]
122,[7,6],[7,6]
123,[7,5],[7,6]
124,[7,4],[7,6]
125,[6,4],[7,6]
126,[5,4],[7,6]
127,[4,4],[7,6]
128,[3,4],[7,6]
129,[2,4],[7,6]
130,[2,5],[7,6]
131,[2,6],[7,6]
132,[2,7],[7,6]
