//Quantitative values
80	//Makespan
80	//Mission completion time hauler 1
10	//Application execution time (in millisecond)
//Path to the final points
0,[10,9]
1,[9,9]
2,[8,9]
3,[8,10]
4,[8,11]
5,[9,11]
6,[10,11]
7,[11,11]
8,[11,10]
9,[11,9]
10,[11,8]
11,[11,7]
12,[11,6]
13,[11,5]
14,[11,4]
15,[11,3]
16,[11,2]
17,[11,1]
18,[10,1]
19,[9,1]
20,[8,1]
21,[8,2]
22,[8,3]
23,[7,3]
24,[6,3]
25,[5,3]
26,[5,4]
27,[5,5]
28,[5,6]
29,[5,7]
30,[5,8]
31,[5,9]
32,[5,10]
33,[5,11]
34,[5,12]
35,[5,11]
36,[6,11]
37,[7,11]
38,[8,11]
39,[9,11]
40,[10,11]
41,[11,11]
42,[11,10]
43,[11,9]
44,[11,8]
45,[11,7]
46,[11,6]
47,[11,5]
48,[11,4]
49,[11,3]
50,[11,2]
51,[11,1]
52,[11,2]
53,[11,3]
54,[11,4]
55,[11,5]
56,[11,6]
57,[11,7]
58,[11,8]
59,[11,9]
60,[11,10]
61,[11,11]
62,[10,11]
63,[9,11]
64,[8,11]
65,[7,11]
66,[6,11]
67,[5,11]
68,[5,12]
69,[5,11]
70,[5,10]
71,[5,9]
72,[5,8]
73,[5,7]
74,[5,6]
75,[5,5]
76,[5,4]
77,[5,3]
78,[6,3]
79,[7,3]
80,[8,3]
