//Quantitative values
100	//Makespan
100	//Mission completion time hauler 1
13	//Application execution time (in millisecond)
//Path to the final points
0,[2,8]
1,[2,7]
2,[2,6]
3,[2,5]
4,[2,4]
5,[2,3]
6,[2,2]
7,[3,2]
8,[4,2]
9,[5,2]
10,[6,2]
11,[7,2]
12,[8,2]
13,[9,2]
14,[10,2]
15,[11,2]
16,[12,2]
17,[11,2]
18,[10,2]
19,[9,2]
20,[8,2]
21,[7,2]
22,[7,3]
23,[7,4]
24,[7,5]
25,[7,6]
26,[7,7]
27,[7,8]
28,[7,9]
29,[7,10]
30,[7,9]
31,[7,8]
32,[7,7]
33,[7,6]
34,[7,5]
35,[7,4]
36,[7,3]
37,[7,2]
38,[8,2]
39,[9,2]
40,[10,2]
41,[11,2]
42,[12,2]
43,[11,2]
44,[10,2]
45,[9,2]
46,[8,2]
47,[7,2]
48,[7,3]
49,[7,4]
50,[7,5]
51,[7,6]
52,[7,7]
53,[7,8]
54,[7,9]
55,[7,10]
56,[6,10]
57,[6,9]
58,[6,8]
59,[6,7]
60,[6,6]
61,[6,5]
62,[6,4]
63,[6,3]
64,[6,2]
65,[5,2]
66,[6,2]
67,[7,2]
68,[8,2]
69,[9,2]
70,[10,2]
71,[11,2]
72,[12,2]
73,[11,2]
74,[10,2]
75,[9,2]
76,[8,2]
77,[7,2]
78,[6,2]
79,[5,2]
80,[5,3]
81,[5,4]
82,[5,5]
83,[5,6]
84,[5,7]
85,[5,8]
86,[5,9]
87,[5,10]
88,[6,10]
89,[7,10]
90,[8,10]
91,[9,10]
92,[10,10]
93,[11,10]
94,[11,9]
95,[11,8]
96,[11,7]
97,[11,6]
98,[11,5]
99,[11,4]
100,[12,4]
