//Quantitative values
106	//Makespan
87	//Mission completion time hauler 1
106	//Mission completion time hauler 2
54	//Application execution time (in millisecond)
//Path to the final points
0,[2,4],[1,5]
1,[3,4],[1,4]
2,[4,4],[2,4]
3,[5,4],[3,4]
4,[6,4],[4,4]
5,[7,4],[5,4]
6,[7,5],[6,4]
7,[7,6],[7,4]
8,[7,7],[7,5]
9,[8,7],[8,5]
10,[9,7],[9,5]
11,[10,7],[10,5]
12,[11,7],[11,5]
13,[12,7],[12,5]
14,[11,7],[11,5]
15,[10,7],[10,5]
16,[9,7],[9,5]
17,[9,8],[8,5]
18,[9,9],[8,6]
19,[9,10],[8,7]
20,[9,11],[9,7]
21,[9,12],[10,7]
22,[8,12],[11,7]
23,[7,12],[12,7]
24,[6,12],[11,7]
25,[5,12],[10,7]
26,[4,12],[9,7]
27,[3,12],[8,7]
28,[3,11],[8,6]
29,[3,10],[8,5]
30,[4,10],[8,6]
31,[3,10],[8,7]
32,[3,11],[8,8]
33,[3,12],[8,9]
34,[4,12],[8,10]
35,[5,12],[9,10]
36,[6,12],[9,11]
37,[7,12],[9,12]
38,[6,12],[8,12]
39,[5,12],[7,12]
40,[4,12],[6,12]
41,[3,12],[5,12]
42,[3,11],[4,12]
43,[3,10],[3,12]
44,[4,10],[3,11]
45,[4,10],[3,10]
46,[3,10],[3,9]
47,[3,11],[3,8]
48,[3,12],[3,7]
49,[4,12],[3,6]
50,[5,12],[3,5]
51,[6,12],[3,4]
52,[7,12],[4,4]
53,[8,12],[5,4]
54,[9,12],[6,4]
55,[9,11],[7,4]
56,[9,10],[7,5]
57,[8,10],[7,6]
58,[8,9],[7,7]
59,[8,8],[8,7]
60,[8,7],[9,7]
61,[8,6],[10,7]
62,[8,5],[11,7]
63,[9,5],[12,7]
64,[10,5],[11,7]
65,[11,5],[10,7]
66,[12,5],[9,7]
67,[11,5],[8,7]
68,[10,5],[7,7]
69,[9,5],[7,6]
70,[8,5],[7,5]
71,[9,5],[7,4]
72,[10,5],[6,4]
73,[11,5],[5,4]
74,[12,5],[4,4]
75,[11,5],[3,4]
76,[10,5],[2,4]
77,[9,5],[1,4]
78,[8,5],[1,5]
79,[7,5],[1,6]
80,[7,4],[1,5]
81,[6,4],[1,4]
82,[5,4],[2,4]
83,[4,4],[3,4]
84,[3,4],[4,4]
85,[3,5],[5,4]
86,[3,6],[6,4]
87,[3,7],[7,4]
88,[3,7],[7,5]
89,[3,7],[8,5]
90,[3,7],[9,5]
91,[3,7],[10,5]
92,[3,7],[11,5]
93,[3,7],[12,5]
94,[3,7],[11,5]
95,[3,7],[10,5]
96,[3,7],[9,5]
97,[3,7],[8,5]
98,[3,7],[7,5]
99,[3,7],[7,4]
100,[3,7],[6,4]
101,[3,7],[5,4]
102,[3,7],[4,4]
103,[3,7],[3,4]
104,[3,7],[3,5]
105,[3,7],[3,6]
106,[3,7],[3,7]
