//Quantitative values
105	//Makespan
96	//Mission completion time hauler 1
105	//Mission completion time hauler 2
19	//Application execution time (in millisecond)
//Path to the final points
0,[5,12],[12,9]
1,[6,12],[11,9]
2,[7,12],[10,9]
3,[8,12],[9,9]
4,[9,12],[8,9]
5,[9,11],[7,9]
6,[9,10],[7,8]
7,[9,9],[7,7]
8,[9,8],[7,6]
9,[9,7],[7,5]
10,[9,6],[7,4]
11,[10,6],[6,4]
12,[9,6],[5,4]
13,[8,6],[4,4]
14,[7,6],[3,4]
15,[7,7],[3,5]
16,[7,8],[3,6]
17,[7,9],[3,7]
18,[7,10],[2,7]
19,[8,10],[1,7]
20,[7,10],[1,6]
21,[7,9],[1,5]
22,[7,8],[1,4]
23,[7,7],[1,3]
24,[7,6],[1,2]
25,[7,5],[1,1]
26,[7,4],[1,2]
27,[6,4],[1,3]
28,[5,4],[1,4]
29,[4,4],[1,5]
30,[3,4],[1,6]
31,[3,5],[1,7]
32,[3,6],[2,7]
33,[3,7],[3,7]
34,[3,6],[2,7]
35,[3,5],[1,7]
36,[3,4],[1,6]
37,[4,4],[1,5]
38,[5,4],[1,4]
39,[6,4],[1,3]
40,[7,4],[1,2]
41,[7,5],[1,1]
42,[7,6],[1,2]
43,[7,7],[1,3]
44,[7,8],[1,4]
45,[7,9],[2,4]
46,[7,10],[3,4]
47,[8,10],[4,4]
48,[9,10],[5,4]
49,[9,11],[6,4]
50,[9,12],[7,4]
51,[8,12],[7,5]
52,[7,12],[7,6]
53,[6,12],[8,6]
54,[5,12],[9,6]
55,[4,12],[10,6]
56,[3,12],[9,6]
57,[2,12],[8,6]
58,[1,12],[7,6]
59,[1,11],[7,5]
60,[1,10],[7,4]
61,[1,9],[6,4]
62,[1,8],[5,4]
63,[1,7],[4,4]
64,[1,6],[3,4]
65,[1,5],[2,4]
66,[1,4],[2,5]
67,[1,3],[2,6]
68,[1,2],[2,7]
69,[1,1],[2,6]
70,[1,2],[2,5]
71,[1,3],[2,4]
72,[1,4],[3,4]
73,[1,5],[4,4]
74,[1,6],[5,4]
75,[1,7],[6,4]
76,[2,7],[7,4]
77,[3,7],[7,5]
78,[3,6],[7,6]
79,[3,5],[7,7]
80,[3,4],[7,8]
81,[4,4],[7,9]
82,[5,4],[7,10]
83,[6,4],[8,10]
84,[7,4],[7,10]
85,[7,5],[7,9]
86,[7,6],[7,8]
87,[7,7],[7,7]
88,[7,8],[7,6]
89,[7,9],[7,5]
90,[7,10],[7,4]
91,[8,10],[6,4]
92,[7,10],[5,4]
93,[7,9],[4,4]
94,[7,8],[3,4]
95,[7,7],[2,4]
96,[7,6],[2,5]
97,[7,6],[2,6]
98,[7,6],[2,7]
99,[7,6],[1,7]
100,[7,6],[1,6]
101,[7,6],[1,5]
102,[7,6],[1,4]
103,[7,6],[1,3]
104,[7,6],[1,2]
105,[7,6],[1,1]
