//Quantitative values
90	//Makespan
90	//Mission completion time hauler 1
10	//Application execution time (in millisecond)
//Path to the final points
0,[9,8]
1,[8,8]
2,[7,8]
3,[6,8]
4,[5,8]
5,[4,8]
6,[3,8]
7,[3,9]
8,[3,10]
9,[3,11]
10,[3,10]
11,[3,9]
12,[4,9]
13,[5,9]
14,[6,9]
15,[7,9]
16,[8,9]
17,[9,9]
18,[8,9]
19,[7,9]
20,[6,9]
21,[5,9]
22,[4,9]
23,[3,9]
24,[3,8]
25,[3,7]
26,[3,6]
27,[3,5]
28,[3,4]
29,[3,3]
30,[3,2]
31,[3,1]
32,[3,2]
33,[3,3]
34,[3,4]
35,[3,5]
36,[3,6]
37,[3,7]
38,[3,8]
39,[3,9]
40,[4,9]
41,[5,9]
42,[6,9]
43,[7,9]
44,[8,9]
45,[9,9]
46,[8,9]
47,[7,9]
48,[6,9]
49,[5,9]
50,[4,9]
51,[3,9]
52,[3,8]
53,[3,7]
54,[3,6]
55,[3,5]
56,[3,4]
57,[3,3]
58,[3,2]
59,[3,1]
60,[3,2]
61,[3,3]
62,[3,4]
63,[3,5]
64,[3,6]
65,[3,7]
66,[4,7]
67,[3,7]
68,[3,8]
69,[3,9]
70,[3,10]
71,[3,11]
72,[3,10]
73,[3,9]
74,[3,8]
75,[3,7]
76,[4,7]
77,[3,7]
78,[3,6]
79,[3,5]
80,[3,4]
81,[3,3]
82,[3,2]
83,[3,1]
84,[3,2]
85,[3,3]
86,[3,4]
87,[3,5]
88,[3,6]
89,[3,7]
90,[4,7]
