//Quantitative values
67	//Makespan
67	//Mission completion time hauler 1
29	//Application execution time (in millisecond)
//Path to the final points
0,[3,4]
1,[3,5]
2,[3,6]
3,[3,7]
4,[3,8]
5,[3,9]
6,[4,9]
7,[5,9]
8,[6,9]
9,[7,9]
10,[8,9]
11,[9,9]
12,[10,9]
13,[10,8]
14,[10,7]
15,[10,6]
16,[10,5]
17,[10,4]
18,[10,5]
19,[10,6]
20,[10,7]
21,[10,8]
22,[10,9]
23,[9,9]
24,[8,9]
25,[7,9]
26,[6,9]
27,[5,9]
28,[4,9]
29,[3,9]
30,[2,9]
31,[1,9]
32,[2,9]
33,[3,9]
34,[4,9]
35,[5,9]
36,[6,9]
37,[7,9]
38,[8,9]
39,[9,9]
40,[10,9]
41,[10,8]
42,[10,7]
43,[10,6]
44,[10,5]
45,[10,4]
46,[10,5]
47,[10,6]
48,[10,7]
49,[10,8]
50,[10,9]
51,[11,9]
52,[10,9]
53,[10,8]
54,[10,7]
55,[10,6]
56,[10,5]
57,[10,4]
58,[10,5]
59,[10,6]
60,[10,7]
61,[10,8]
62,[10,9]
63,[10,8]
64,[10,7]
65,[10,6]
66,[10,5]
67,[10,4]
