//Quantitative values
75	//Makespan
75	//Mission completion time hauler 1
16	//Application execution time (in millisecond)
//Path to the final points
0,[10,12]
1,[9,12]
2,[8,12]
3,[7,12]
4,[7,11]
5,[7,10]
6,[7,9]
7,[7,8]
8,[7,7]
9,[7,8]
10,[7,9]
11,[7,10]
12,[7,11]
13,[7,12]
14,[8,12]
15,[9,12]
16,[10,12]
17,[11,12]
18,[12,12]
19,[11,12]
20,[10,12]
21,[9,12]
22,[8,12]
23,[7,12]
24,[7,11]
25,[7,10]
26,[7,9]
27,[7,8]
28,[7,7]
29,[6,7]
30,[5,7]
31,[5,8]
32,[5,7]
33,[6,7]
34,[7,7]
35,[7,8]
36,[7,9]
37,[8,9]
38,[9,9]
39,[8,9]
40,[7,9]
41,[6,9]
42,[5,9]
43,[5,10]
44,[5,11]
45,[5,12]
46,[6,12]
47,[7,12]
48,[8,12]
49,[9,12]
50,[10,12]
51,[11,12]
52,[12,12]
53,[11,12]
54,[10,12]
55,[9,12]
56,[8,12]
57,[7,12]
58,[6,12]
59,[5,12]
60,[4,12]
61,[3,12]
62,[3,11]
63,[3,10]
64,[3,9]
65,[3,8]
66,[4,8]
67,[5,8]
68,[4,8]
69,[3,8]
70,[3,9]
71,[3,10]
72,[3,11]
73,[3,12]
74,[2,12]
75,[1,12]
