//Quantitative values
121	//Makespan
121	//Mission completion time hauler 1
34	//Application execution time (in millisecond)
//Path to the final points
0,[6,4]
1,[5,4]
2,[5,3]
3,[5,2]
4,[5,1]
5,[4,1]
6,[3,1]
7,[2,1]
8,[1,1]
9,[1,2]
10,[1,3]
11,[1,4]
12,[1,5]
13,[1,6]
14,[1,7]
15,[1,8]
16,[2,8]
17,[3,8]
18,[4,8]
19,[5,8]
20,[4,8]
21,[3,8]
22,[3,9]
23,[3,10]
24,[3,11]
25,[3,12]
26,[4,12]
27,[5,12]
28,[6,12]
29,[7,12]
30,[8,12]
31,[9,12]
32,[9,11]
33,[9,10]
34,[8,10]
35,[8,9]
36,[8,10]
37,[9,10]
38,[9,11]
39,[9,12]
40,[10,12]
41,[11,12]
42,[10,12]
43,[9,12]
44,[9,11]
45,[9,10]
46,[8,10]
47,[8,9]
48,[8,10]
49,[9,10]
50,[9,11]
51,[9,12]
52,[8,12]
53,[7,12]
54,[6,12]
55,[5,12]
56,[4,12]
57,[3,12]
58,[3,11]
59,[3,10]
60,[3,9]
61,[3,8]
62,[4,8]
63,[5,8]
64,[4,8]
65,[3,8]
66,[3,9]
67,[3,10]
68,[3,11]
69,[3,12]
70,[4,12]
71,[5,12]
72,[6,12]
73,[7,12]
74,[8,12]
75,[9,12]
76,[9,11]
77,[9,10]
78,[8,10]
79,[8,9]
80,[7,9]
81,[7,8]
82,[7,7]
83,[7,6]
84,[7,5]
85,[7,4]
86,[7,3]
87,[7,2]
88,[8,2]
89,[9,2]
90,[10,2]
91,[11,2]
92,[12,2]
93,[12,3]
94,[12,4]
95,[12,5]
96,[12,6]
97,[12,7]
98,[12,8]
99,[12,9]
100,[11,9]
101,[10,9]
102,[9,9]
103,[8,9]
104,[7,9]
105,[7,8]
106,[7,7]
107,[7,8]
108,[7,9]
109,[7,10]
110,[8,10]
111,[9,10]
112,[9,11]
113,[9,12]
114,[8,12]
115,[7,12]
116,[6,12]
117,[5,12]
118,[4,12]
119,[3,12]
120,[3,11]
121,[3,10]
