//Quantitative values
96	//Makespan
96	//Mission completion time hauler 1
16	//Application execution time (in millisecond)
//Path to the final points
0,[7,4]
1,[6,4]
2,[5,4]
3,[4,4]
4,[3,4]
5,[2,4]
6,[1,4]
7,[1,3]
8,[1,4]
9,[1,5]
10,[2,5]
11,[3,5]
12,[4,5]
13,[5,5]
14,[6,5]
15,[7,5]
16,[6,5]
17,[5,5]
18,[4,5]
19,[3,5]
20,[2,5]
21,[1,5]
22,[1,4]
23,[1,3]
24,[1,2]
25,[1,3]
26,[1,4]
27,[1,5]
28,[2,5]
29,[3,5]
30,[4,5]
31,[5,5]
32,[6,5]
33,[7,5]
34,[6,5]
35,[5,5]
36,[4,5]
37,[3,5]
38,[2,5]
39,[1,5]
40,[1,4]
41,[1,3]
42,[1,2]
43,[1,3]
44,[1,4]
45,[1,5]
46,[1,6]
47,[1,7]
48,[1,8]
49,[1,9]
50,[1,10]
51,[1,11]
52,[2,11]
53,[2,10]
54,[3,10]
55,[4,10]
56,[5,10]
57,[6,10]
58,[7,10]
59,[8,10]
60,[9,10]
61,[10,10]
62,[11,10]
63,[12,10]
64,[11,10]
65,[10,10]
66,[9,10]
67,[8,10]
68,[7,10]
69,[7,9]
70,[7,8]
71,[7,7]
72,[7,6]
73,[7,5]
74,[6,5]
75,[5,5]
76,[4,5]
77,[3,5]
78,[2,5]
79,[1,5]
80,[1,4]
81,[1,3]
82,[1,2]
83,[1,1]
84,[2,1]
85,[1,1]
86,[1,2]
87,[1,3]
88,[1,4]
89,[1,5]
90,[1,6]
91,[1,7]
92,[1,8]
93,[1,9]
94,[1,10]
95,[1,11]
96,[2,11]
