//Quantitative values
99	//Makespan
99	//Mission completion time hauler 1
15	//Application execution time (in millisecond)
//Path to the final points
0,[5,2]
1,[5,3]
2,[5,4]
3,[5,5]
4,[4,5]
5,[3,5]
6,[2,5]
7,[1,5]
8,[1,4]
9,[1,3]
10,[1,2]
11,[1,1]
12,[1,2]
13,[1,3]
14,[1,4]
15,[1,5]
16,[1,6]
17,[1,7]
18,[1,8]
19,[1,9]
20,[1,10]
21,[1,11]
22,[2,11]
23,[3,11]
24,[4,11]
25,[5,11]
26,[6,11]
27,[7,11]
28,[8,11]
29,[9,11]
30,[10,11]
31,[11,11]
32,[11,10]
33,[11,9]
34,[11,8]
35,[11,7]
36,[11,6]
37,[11,5]
38,[11,4]
39,[11,3]
40,[11,2]
41,[11,3]
42,[11,4]
43,[11,5]
44,[11,6]
45,[11,7]
46,[11,8]
47,[11,9]
48,[11,10]
49,[11,11]
50,[11,10]
51,[11,9]
52,[11,8]
53,[11,7]
54,[11,6]
55,[11,5]
56,[11,4]
57,[11,3]
58,[11,2]
59,[10,2]
60,[9,2]
61,[8,2]
62,[7,2]
63,[6,2]
64,[5,2]
65,[5,3]
66,[5,4]
67,[5,5]
68,[5,4]
69,[5,3]
70,[5,2]
71,[5,1]
72,[6,1]
73,[7,1]
74,[8,1]
75,[7,1]
76,[7,2]
77,[7,3]
78,[7,2]
79,[8,2]
80,[9,2]
81,[10,2]
82,[11,2]
83,[10,2]
84,[9,2]
85,[8,2]
86,[7,2]
87,[6,2]
88,[5,2]
89,[5,3]
90,[5,4]
91,[5,5]
92,[4,5]
93,[3,5]
94,[2,5]
95,[1,5]
96,[1,4]
97,[1,3]
98,[1,2]
99,[1,1]
