//Quantitative values
91	//Makespan
91	//Mission completion time hauler 1
32	//Application execution time (in millisecond)
//Path to the final points
0,[8,10]
1,[9,10]
2,[9,11]
3,[9,12]
4,[8,12]
5,[7,12]
6,[6,12]
7,[5,12]
8,[4,12]
9,[3,12]
10,[2,12]
11,[2,11]
12,[2,10]
13,[2,9]
14,[2,8]
15,[2,9]
16,[2,8]
17,[2,7]
18,[3,7]
19,[4,7]
20,[5,7]
21,[5,6]
22,[5,5]
23,[5,4]
24,[6,4]
25,[7,4]
26,[7,5]
27,[7,6]
28,[7,7]
29,[7,8]
30,[7,9]
31,[7,8]
32,[7,7]
33,[7,6]
34,[7,5]
35,[7,4]
36,[6,4]
37,[5,4]
38,[5,5]
39,[5,6]
40,[5,7]
41,[4,7]
42,[3,7]
43,[2,7]
44,[2,8]
45,[2,9]
46,[2,8]
47,[2,7]
48,[3,7]
49,[4,7]
50,[3,7]
51,[2,7]
52,[2,8]
53,[2,7]
54,[3,7]
55,[4,7]
56,[3,7]
57,[3,8]
58,[3,9]
59,[3,10]
60,[3,11]
61,[3,12]
62,[4,12]
63,[5,12]
64,[6,12]
65,[7,12]
66,[8,12]
67,[9,12]
68,[8,12]
69,[7,12]
70,[6,12]
71,[5,12]
72,[4,12]
73,[3,12]
74,[3,11]
75,[3,10]
76,[3,9]
77,[3,8]
78,[3,7]
79,[4,7]
80,[3,7]
81,[3,8]
82,[3,9]
83,[3,10]
84,[3,11]
85,[3,12]
86,[4,12]
87,[5,12]
88,[6,12]
89,[7,12]
90,[8,12]
91,[9,12]
