//Quantitative values
139	//Makespan
139	//Mission completion time hauler 1
15	//Application execution time (in millisecond)
//Path to the final points
0,[3,8]
1,[3,7]
2,[3,6]
3,[4,6]
4,[5,6]
5,[6,6]
6,[6,5]
7,[6,4]
8,[6,3]
9,[6,2]
10,[6,1]
11,[7,1]
12,[8,1]
13,[9,1]
14,[10,1]
15,[11,1]
16,[10,1]
17,[9,1]
18,[9,2]
19,[9,3]
20,[9,4]
21,[9,5]
22,[9,6]
23,[9,7]
24,[9,8]
25,[9,9]
26,[9,8]
27,[9,7]
28,[10,7]
29,[11,7]
30,[10,7]
31,[9,7]
32,[8,7]
33,[7,7]
34,[6,7]
35,[6,6]
36,[6,5]
37,[6,4]
38,[6,3]
39,[6,2]
40,[6,1]
41,[7,1]
42,[8,1]
43,[9,1]
44,[10,1]
45,[11,1]
46,[10,1]
47,[9,1]
48,[8,1]
49,[7,1]
50,[6,1]
51,[5,1]
52,[5,2]
53,[5,3]
54,[5,4]
55,[5,5]
56,[5,6]
57,[5,7]
58,[5,8]
59,[5,9]
60,[5,10]
61,[5,9]
62,[5,8]
63,[5,7]
64,[5,6]
65,[5,5]
66,[5,4]
67,[5,3]
68,[5,2]
69,[5,1]
70,[6,1]
71,[7,1]
72,[8,1]
73,[9,1]
74,[10,1]
75,[11,1]
76,[10,1]
77,[9,1]
78,[9,2]
79,[9,3]
80,[9,4]
81,[9,5]
82,[9,6]
83,[9,7]
84,[9,8]
85,[9,9]
86,[9,8]
87,[9,7]
88,[9,6]
89,[9,5]
90,[9,4]
91,[9,3]
92,[9,2]
93,[9,1]
94,[10,1]
95,[11,1]
96,[10,1]
97,[9,1]
98,[9,2]
99,[9,3]
100,[9,4]
101,[9,5]
102,[9,6]
103,[9,7]
104,[9,8]
105,[9,9]
106,[9,8]
107,[9,7]
108,[9,6]
109,[9,5]
110,[9,4]
111,[9,3]
112,[9,2]
113,[9,1]
114,[10,1]
115,[11,1]
116,[10,1]
117,[9,1]
118,[8,1]
119,[7,1]
120,[6,1]
121,[5,1]
122,[5,2]
123,[5,3]
124,[5,4]
125,[5,5]
126,[5,6]
127,[5,7]
128,[5,8]
129,[5,9]
130,[5,10]
131,[5,9]
132,[5,8]
133,[5,7]
134,[6,7]
135,[7,7]
136,[8,7]
137,[9,7]
138,[10,7]
139,[11,7]
