//Quantitative values
131	//Makespan
131	//Mission completion time hauler 1
19	//Application execution time (in millisecond)
//Path to the final points
0,[1,3]
1,[1,4]
2,[1,5]
3,[1,6]
4,[1,7]
5,[1,8]
6,[1,9]
7,[1,10]
8,[1,11]
9,[2,11]
10,[3,11]
11,[4,11]
12,[5,11]
13,[6,11]
14,[7,11]
15,[8,11]
16,[9,11]
17,[10,11]
18,[11,11]
19,[11,10]
20,[11,9]
21,[11,8]
22,[11,7]
23,[11,6]
24,[12,6]
25,[11,6]
26,[10,6]
27,[10,5]
28,[10,4]
29,[10,3]
30,[10,4]
31,[10,5]
32,[10,6]
33,[11,6]
34,[12,6]
35,[11,6]
36,[10,6]
37,[9,6]
38,[9,5]
39,[9,4]
40,[8,4]
41,[7,4]
42,[7,5]
43,[7,6]
44,[7,7]
45,[7,8]
46,[7,9]
47,[7,10]
48,[7,11]
49,[8,11]
50,[9,11]
51,[10,11]
52,[11,11]
53,[10,11]
54,[9,11]
55,[8,11]
56,[7,11]
57,[6,11]
58,[5,11]
59,[4,11]
60,[3,11]
61,[2,11]
62,[2,10]
63,[2,9]
64,[2,8]
65,[2,7]
66,[2,6]
67,[2,5]
68,[2,4]
69,[2,3]
70,[2,2]
71,[2,1]
72,[2,2]
73,[2,3]
74,[2,4]
75,[3,4]
76,[4,4]
77,[5,4]
78,[6,4]
79,[7,4]
80,[8,4]
81,[9,4]
82,[8,4]
83,[7,4]
84,[6,4]
85,[5,4]
86,[4,4]
87,[3,4]
88,[2,4]
89,[2,3]
90,[2,2]
91,[2,1]
92,[2,2]
93,[2,3]
94,[3,3]
95,[4,3]
96,[5,3]
97,[6,3]
98,[7,3]
99,[8,3]
100,[9,3]
101,[10,3]
102,[10,4]
103,[10,5]
104,[10,6]
105,[11,6]
106,[12,6]
107,[11,6]
108,[11,7]
109,[11,8]
110,[11,9]
111,[11,10]
112,[11,11]
113,[10,11]
114,[9,11]
115,[8,11]
116,[7,11]
117,[6,11]
118,[5,11]
119,[4,11]
120,[3,11]
121,[2,11]
122,[2,10]
123,[2,9]
124,[2,8]
125,[2,7]
126,[2,6]
127,[2,5]
128,[2,4]
129,[2,3]
130,[2,2]
131,[2,1]
