//Quantitative values
64	//Makespan
64	//Mission completion time hauler 1
14	//Application execution time (in millisecond)
//Path to the final points
0,[4,8]
1,[4,9]
2,[4,10]
3,[4,11]
4,[4,12]
5,[5,12]
6,[6,12]
7,[7,12]
8,[8,12]
9,[9,12]
10,[10,12]
11,[9,12]
12,[8,12]
13,[7,12]
14,[6,12]
15,[5,12]
16,[4,12]
17,[3,12]
18,[2,12]
19,[2,11]
20,[2,10]
21,[2,9]
22,[2,8]
23,[2,7]
24,[2,8]
25,[2,9]
26,[2,10]
27,[2,11]
28,[2,12]
29,[3,12]
30,[4,12]
31,[5,12]
32,[6,12]
33,[7,12]
34,[8,12]
35,[9,12]
36,[10,12]
37,[9,12]
38,[8,12]
39,[7,12]
40,[7,11]
41,[7,10]
42,[7,9]
43,[7,8]
44,[7,7]
45,[8,7]
46,[7,7]
47,[6,7]
48,[5,7]
49,[4,7]
50,[3,7]
51,[2,7]
52,[2,8]
53,[2,9]
54,[2,10]
55,[2,11]
56,[2,12]
57,[3,12]
58,[4,12]
59,[5,12]
60,[6,12]
61,[7,12]
62,[8,12]
63,[9,12]
64,[10,12]
