//Quantitative values
80	//Makespan
80	//Mission completion time hauler 1
14	//Application execution time (in millisecond)
//Path to the final points
0,[7,3]
1,[6,3]
2,[5,3]
3,[4,3]
4,[4,4]
5,[3,4]
6,[2,4]
7,[1,4]
8,[1,5]
9,[1,6]
10,[1,7]
11,[1,8]
12,[1,9]
13,[1,10]
14,[1,11]
15,[1,12]
16,[2,12]
17,[3,12]
18,[4,12]
19,[5,12]
20,[6,12]
21,[7,12]
22,[8,12]
23,[7,12]
24,[6,12]
25,[5,12]
26,[5,11]
27,[5,10]
28,[5,9]
29,[5,8]
30,[5,7]
31,[5,6]
32,[5,5]
33,[5,4]
34,[6,4]
35,[7,4]
36,[8,4]
37,[9,4]
38,[10,4]
39,[11,4]
40,[12,4]
41,[11,4]
42,[10,4]
43,[9,4]
44,[8,4]
45,[7,4]
46,[6,4]
47,[5,4]
48,[4,4]
49,[3,4]
50,[2,4]
51,[2,5]
52,[2,6]
53,[2,7]
54,[2,8]
55,[2,7]
56,[2,6]
57,[2,5]
58,[2,4]
59,[3,4]
60,[4,4]
61,[5,4]
62,[6,4]
63,[7,4]
64,[8,4]
65,[9,4]
66,[10,4]
67,[11,4]
68,[12,4]
69,[11,4]
70,[10,4]
71,[9,4]
72,[8,4]
73,[7,4]
74,[6,4]
75,[5,4]
76,[4,4]
77,[3,4]
78,[2,4]
79,[1,4]
80,[1,5]
