//Quantitative values
85	//Makespan
74	//Mission completion time hauler 1
73	//Mission completion time hauler 2
85	//Mission completion time hauler 3
63	//Application execution time (in millisecond)
//Path to the final points
0,[5,3],[7,5],[8,10]
1,[5,4],[6,5],[8,11]
2,[6,4],[6,6],[8,12]
3,[6,5],[5,6],[9,12]
4,[6,6],[5,7],[10,12]
5,[7,6],[5,8],[11,12]
6,[6,6],[5,9],[11,11]
7,[5,6],[5,10],[11,10]
8,[5,7],[5,11],[11,9]
9,[5,8],[5,12],[11,8]
10,[5,9],[5,11],[11,7]
11,[5,10],[5,11],[11,6]
12,[5,11],[5,10],[11,5]
13,[5,12],[5,9],[11,4]
14,[5,11],[5,8],[11,3]
15,[5,10],[5,7],[11,2]
16,[6,10],[5,6],[11,1]
17,[7,10],[6,6],[12,1]
18,[7,9],[7,6],[11,1]
19,[7,8],[7,5],[10,1]
20,[7,7],[7,4],[9,1]
21,[7,6],[7,3],[8,1]
22,[7,5],[8,3],[8,2]
23,[7,4],[8,2],[8,3]
24,[7,4],[8,1],[7,3]
25,[7,3],[9,1],[7,4]
26,[8,3],[10,1],[7,5]
27,[8,2],[9,1],[7,6]
28,[8,1],[9,2],[7,5]
29,[9,1],[9,3],[7,4]
30,[10,1],[9,4],[7,3]
31,[9,1],[9,5],[8,3]
32,[8,1],[8,5],[8,2]
33,[8,2],[7,5],[8,1]
34,[8,3],[6,5],[9,1]
35,[7,3],[6,6],[10,1]
36,[7,4],[5,6],[11,1]
37,[7,5],[5,7],[12,1]
38,[7,6],[5,8],[11,1]
39,[7,7],[5,9],[11,2]
40,[7,8],[5,10],[11,3]
41,[7,9],[5,11],[11,4]
42,[7,10],[5,12],[11,5]
43,[7,9],[5,11],[11,6]
44,[7,8],[5,10],[11,7]
45,[7,7],[5,9],[11,8]
46,[7,6],[5,8],[11,9]
47,[7,5],[5,7],[11,10]
48,[7,4],[5,6],[11,11]
49,[7,3],[6,6],[11,12]
50,[8,3],[6,5],[11,11]
51,[8,2],[7,5],[11,10]
52,[8,1],[8,5],[11,9]
53,[9,1],[9,5],[11,8]
54,[10,1],[9,4],[11,7]
55,[11,1],[9,3],[11,6]
56,[12,1],[9,2],[11,5]
57,[11,1],[9,1],[11,4]
58,[10,1],[9,1],[11,3]
59,[9,1],[10,1],[11,2]
60,[8,1],[10,1],[11,1]
61,[8,2],[11,1],[10,1]
62,[8,3],[12,1],[9,1]
63,[7,3],[11,1],[8,1]
64,[7,4],[10,1],[8,2]
65,[7,5],[9,1],[8,3]
66,[7,6],[8,1],[7,3]
67,[7,5],[8,2],[7,4]
68,[7,4],[8,3],[7,5]
69,[7,3],[8,3],[7,6]
70,[8,3],[7,3],[7,7]
71,[8,2],[7,4],[7,8]
72,[8,1],[7,5],[7,9]
73,[9,1],[7,6],[7,10]
74,[10,1],[7,6],[7,9]
75,[10,1],[7,6],[7,8]
76,[10,1],[7,6],[7,7]
77,[10,1],[7,6],[7,6]
78,[10,1],[7,6],[7,5]
79,[10,1],[7,6],[7,4]
80,[10,1],[7,6],[7,3]
81,[10,1],[7,6],[8,3]
82,[10,1],[7,6],[8,2]
83,[10,1],[7,6],[8,1]
84,[10,1],[7,6],[9,1]
85,[10,1],[7,6],[10,1]
