//Quantitative values
62	//Makespan
52	//Mission completion time hauler 1
44	//Mission completion time hauler 2
62	//Mission completion time hauler 3
67	//Application execution time (in millisecond)
//Path to the final points
0,[4,7],[8,8],[7,5]
1,[4,8],[7,8],[6,5]
2,[4,9],[6,8],[5,5]
3,[4,10],[5,8],[5,6]
4,[4,11],[5,9],[5,7]
5,[5,11],[4,9],[5,8]
6,[6,11],[3,9],[5,9]
7,[7,11],[3,8],[5,8]
8,[6,11],[2,8],[5,7]
9,[5,11],[1,8],[5,6]
10,[5,10],[2,8],[5,5]
11,[5,9],[3,8],[5,4]
12,[5,8],[3,9],[5,3]
13,[5,7],[4,9],[5,2]
14,[5,6],[5,9],[5,1]
15,[5,5],[6,9],[6,1]
16,[5,4],[7,9],[7,1]
17,[5,3],[8,9],[6,1]
18,[5,2],[9,9],[5,1]
19,[5,3],[8,9],[5,2]
20,[5,4],[7,9],[5,3]
21,[5,5],[6,9],[5,4]
22,[5,6],[5,9],[5,5]
23,[5,7],[4,9],[5,6]
24,[5,8],[3,9],[5,7]
25,[5,9],[3,8],[5,8]
26,[4,9],[2,8],[5,9]
27,[3,9],[1,8],[5,8]
28,[3,8],[1,7],[5,7]
29,[2,8],[2,7],[5,6]
30,[1,8],[3,7],[5,5]
31,[2,8],[3,8],[5,4]
32,[3,8],[3,9],[5,3]
33,[3,9],[3,10],[5,2]
34,[4,9],[4,10],[5,3]
35,[5,9],[5,10],[5,4]
36,[6,9],[5,9],[5,5]
37,[7,9],[5,8],[5,6]
38,[8,9],[5,8],[5,7]
39,[9,9],[5,7],[5,8]
40,[8,9],[5,6],[5,9]
41,[7,9],[5,5],[5,10]
42,[6,9],[5,4],[5,11]
43,[5,9],[5,3],[6,11]
44,[5,10],[5,2],[7,11]
45,[4,10],[5,2],[6,11]
46,[3,10],[5,2],[5,11]
47,[3,9],[5,2],[5,10]
48,[3,8],[5,2],[4,10]
49,[3,7],[5,2],[3,10]
50,[2,7],[5,2],[3,9]
51,[1,7],[5,2],[3,8]
52,[1,8],[5,2],[3,7]
53,[1,8],[5,2],[3,6]
54,[1,8],[5,2],[3,5]
55,[1,8],[5,2],[3,4]
56,[1,8],[5,2],[3,3]
57,[1,8],[5,2],[3,2]
58,[1,8],[5,2],[3,1]
59,[1,8],[5,2],[4,1]
60,[1,8],[5,2],[5,1]
61,[1,8],[5,2],[6,1]
62,[1,8],[5,2],[7,1]
