//Quantitative values
60	//Makespan
60	//Mission completion time hauler 1
8	//Application execution time (in millisecond)
//Path to the final points
0,[1,11]
1,[1,10]
2,[1,9]
3,[2,9]
4,[3,9]
5,[4,9]
6,[5,9]
7,[6,9]
8,[7,9]
9,[8,9]
10,[9,9]
11,[8,9]
12,[7,9]
13,[6,9]
14,[5,9]
15,[4,9]
16,[3,9]
17,[2,9]
18,[2,8]
19,[2,7]
20,[2,6]
21,[2,5]
22,[2,4]
23,[3,4]
24,[4,4]
25,[5,4]
26,[6,4]
27,[6,5]
28,[6,6]
29,[7,6]
30,[6,6]
31,[5,6]
32,[4,6]
33,[3,6]
34,[2,6]
35,[2,7]
36,[2,8]
37,[2,7]
38,[2,6]
39,[3,6]
40,[4,6]
41,[5,6]
42,[6,6]
43,[7,6]
44,[7,7]
45,[7,8]
46,[7,9]
47,[8,9]
48,[9,9]
49,[8,9]
50,[7,9]
51,[6,9]
52,[5,9]
53,[4,9]
54,[3,9]
55,[2,9]
56,[2,8]
57,[2,7]
58,[2,6]
59,[2,5]
60,[2,4]
