//Quantitative values
101	//Makespan
101	//Mission completion time hauler 1
23	//Application execution time (in millisecond)
//Path to the final points
0,[4,12]
1,[3,12]
2,[3,11]
3,[3,10]
4,[3,9]
5,[3,8]
6,[3,7]
7,[3,6]
8,[4,6]
9,[5,6]
10,[6,6]
11,[7,6]
12,[8,6]
13,[9,6]
14,[8,6]
15,[7,6]
16,[6,6]
17,[5,6]
18,[5,5]
19,[5,4]
20,[5,3]
21,[5,2]
22,[5,3]
23,[5,4]
24,[5,5]
25,[5,6]
26,[5,7]
27,[5,8]
28,[5,9]
29,[5,10]
30,[5,11]
31,[6,11]
32,[7,11]
33,[8,11]
34,[9,11]
35,[8,11]
36,[7,11]
37,[6,11]
38,[5,11]
39,[5,10]
40,[5,9]
41,[5,8]
42,[5,7]
43,[5,6]
44,[5,7]
45,[5,8]
46,[5,9]
47,[5,10]
48,[5,11]
49,[6,11]
50,[7,11]
51,[8,11]
52,[9,11]
53,[8,11]
54,[7,11]
55,[6,11]
56,[5,11]
57,[5,10]
58,[5,9]
59,[5,8]
60,[5,7]
61,[5,6]
62,[4,6]
63,[3,6]
64,[3,7]
65,[3,8]
66,[3,9]
67,[3,10]
68,[3,11]
69,[3,10]
70,[3,9]
71,[3,8]
72,[3,7]
73,[3,6]
74,[4,6]
75,[5,6]
76,[5,5]
77,[5,4]
78,[5,3]
79,[5,2]
80,[5,3]
81,[5,4]
82,[5,5]
83,[5,6]
84,[5,7]
85,[5,8]
86,[5,9]
87,[5,10]
88,[5,11]
89,[6,11]
90,[7,11]
91,[8,11]
92,[9,11]
93,[8,11]
94,[7,11]
95,[6,11]
96,[5,11]
97,[5,10]
98,[5,9]
99,[5,8]
100,[5,7]
101,[5,6]
