//Quantitative values
128	//Makespan
128	//Mission completion time hauler 1
38	//Application execution time (in millisecond)
//Path to the final points
0,[7,2]
1,[6,2]
2,[5,2]
3,[4,2]
4,[3,2]
5,[2,2]
6,[1,2]
7,[1,1]
8,[1,2]
9,[2,2]
10,[3,2]
11,[4,2]
12,[5,2]
13,[6,2]
14,[7,2]
15,[8,2]
16,[8,3]
17,[8,4]
18,[7,4]
19,[7,5]
20,[7,6]
21,[7,7]
22,[7,8]
23,[7,9]
24,[6,9]
25,[5,9]
26,[5,8]
27,[5,7]
28,[4,7]
29,[4,6]
30,[4,5]
31,[3,5]
32,[2,5]
33,[1,5]
34,[1,4]
35,[1,3]
36,[1,2]
37,[1,1]
38,[2,1]
39,[3,1]
40,[4,1]
41,[4,2]
42,[4,3]
43,[4,4]
44,[4,5]
45,[4,6]
46,[4,7]
47,[3,7]
48,[2,7]
49,[2,8]
50,[1,8]
51,[1,9]
52,[1,10]
53,[1,9]
54,[1,8]
55,[2,8]
56,[2,7]
57,[3,7]
58,[4,7]
59,[4,6]
60,[4,5]
61,[4,4]
62,[4,3]
63,[4,2]
64,[4,1]
65,[3,1]
66,[2,1]
67,[1,1]
68,[1,2]
69,[1,3]
70,[1,4]
71,[1,3]
72,[1,2]
73,[1,1]
74,[1,2]
75,[1,3]
76,[1,4]
77,[1,5]
78,[2,5]
79,[3,5]
80,[4,5]
81,[4,6]
82,[4,7]
83,[3,7]
84,[2,7]
85,[2,8]
86,[1,8]
87,[1,9]
88,[1,10]
89,[2,10]
90,[2,11]
91,[3,11]
92,[4,11]
93,[5,11]
94,[5,10]
95,[5,9]
96,[5,8]
97,[6,8]
98,[7,8]
99,[7,7]
100,[7,6]
101,[7,5]
102,[7,4]
103,[8,4]
104,[8,3]
105,[8,2]
106,[7,2]
107,[6,2]
108,[5,2]
109,[4,2]
110,[3,2]
111,[2,2]
112,[1,2]
113,[1,1]
114,[1,2]
115,[1,3]
116,[1,4]
117,[1,5]
118,[2,5]
119,[3,5]
120,[4,5]
121,[4,6]
122,[4,7]
123,[3,7]
124,[2,7]
125,[2,8]
126,[1,8]
127,[1,9]
128,[1,10]
