//Quantitative values
149	//Makespan
149	//Mission completion time hauler 1
17	//Application execution time (in millisecond)
//Path to the final points
0,[3,8]
1,[4,8]
2,[5,8]
3,[5,7]
4,[5,6]
5,[6,6]
6,[6,5]
7,[6,4]
8,[6,3]
9,[6,2]
10,[6,1]
11,[7,1]
12,[8,1]
13,[9,1]
14,[10,1]
15,[11,1]
16,[10,1]
17,[9,1]
18,[8,1]
19,[8,2]
20,[8,3]
21,[9,3]
22,[9,4]
23,[9,5]
24,[9,6]
25,[9,7]
26,[9,8]
27,[9,9]
28,[9,8]
29,[9,7]
30,[10,7]
31,[11,7]
32,[10,7]
33,[9,7]
34,[9,6]
35,[8,6]
36,[7,6]
37,[6,6]
38,[6,5]
39,[6,4]
40,[6,3]
41,[6,2]
42,[6,1]
43,[7,1]
44,[8,1]
45,[9,1]
46,[10,1]
47,[11,1]
48,[10,1]
49,[9,1]
50,[8,1]
51,[7,1]
52,[6,1]
53,[5,1]
54,[5,2]
55,[5,3]
56,[5,4]
57,[5,5]
58,[5,6]
59,[5,7]
60,[5,8]
61,[5,9]
62,[5,10]
63,[5,9]
64,[5,8]
65,[5,7]
66,[5,6]
67,[5,5]
68,[5,4]
69,[5,3]
70,[5,2]
71,[5,1]
72,[6,1]
73,[7,1]
74,[8,1]
75,[9,1]
76,[10,1]
77,[11,1]
78,[10,1]
79,[9,1]
80,[8,1]
81,[8,2]
82,[8,3]
83,[9,3]
84,[9,4]
85,[9,5]
86,[9,6]
87,[9,7]
88,[9,8]
89,[9,9]
90,[9,8]
91,[9,7]
92,[9,6]
93,[9,5]
94,[9,4]
95,[9,3]
96,[8,3]
97,[8,2]
98,[8,1]
99,[9,1]
100,[10,1]
101,[11,1]
102,[10,1]
103,[9,1]
104,[8,1]
105,[8,2]
106,[8,3]
107,[9,3]
108,[9,4]
109,[9,5]
110,[9,6]
111,[9,7]
112,[9,8]
113,[9,9]
114,[9,8]
115,[9,7]
116,[9,6]
117,[9,5]
118,[9,4]
119,[9,3]
120,[8,3]
121,[8,2]
122,[8,1]
123,[9,1]
124,[10,1]
125,[11,1]
126,[10,1]
127,[9,1]
128,[8,1]
129,[7,1]
130,[6,1]
131,[5,1]
132,[5,2]
133,[5,3]
134,[5,4]
135,[5,5]
136,[5,6]
137,[5,7]
138,[5,8]
139,[5,9]
140,[5,10]
141,[5,9]
142,[5,8]
143,[6,8]
144,[7,8]
145,[8,8]
146,[9,8]
147,[9,7]
148,[10,7]
149,[11,7]
