//Quantitative values
115	//Makespan
115	//Mission completion time hauler 1
39	//Application execution time (in millisecond)
//Path to the final points
0,[7,9]
1,[7,8]
2,[7,7]
3,[7,6]
4,[7,5]
5,[7,4]
6,[7,3]
7,[7,2]
8,[7,1]
9,[8,1]
10,[9,1]
11,[9,2]
12,[9,3]
13,[9,4]
14,[9,5]
15,[9,6]
16,[9,7]
17,[9,8]
18,[9,9]
19,[9,10]
20,[8,10]
21,[7,10]
22,[6,10]
23,[5,10]
24,[4,10]
25,[3,10]
26,[3,11]
27,[3,10]
28,[3,9]
29,[3,8]
30,[3,7]
31,[4,7]
32,[5,7]
33,[6,7]
34,[7,7]
35,[8,7]
36,[9,7]
37,[9,6]
38,[9,7]
39,[8,7]
40,[7,7]
41,[6,7]
42,[5,7]
43,[4,7]
44,[3,7]
45,[3,8]
46,[3,9]
47,[3,10]
48,[3,11]
49,[3,10]
50,[4,10]
51,[5,10]
52,[6,10]
53,[7,10]
54,[7,9]
55,[7,8]
56,[7,7]
57,[7,6]
58,[7,5]
59,[7,4]
60,[7,3]
61,[8,3]
62,[8,4]
63,[8,5]
64,[9,5]
65,[9,6]
66,[9,7]
67,[9,8]
68,[9,9]
69,[9,10]
70,[8,10]
71,[7,10]
72,[6,10]
73,[5,10]
74,[4,10]
75,[3,10]
76,[3,11]
77,[3,10]
78,[3,9]
79,[3,8]
80,[3,7]
81,[4,7]
82,[5,7]
83,[6,7]
84,[7,7]
85,[8,7]
86,[9,7]
87,[9,6]
88,[9,7]
89,[8,7]
90,[7,7]
91,[6,7]
92,[5,7]
93,[4,7]
94,[3,7]
95,[3,8]
96,[3,9]
97,[3,10]
98,[3,11]
99,[3,10]
100,[4,10]
101,[5,10]
102,[6,10]
103,[7,10]
104,[6,10]
105,[5,10]
106,[4,10]
107,[3,10]
108,[3,11]
109,[3,10]
110,[4,10]
111,[5,10]
112,[6,10]
113,[7,10]
114,[8,10]
115,[9,10]
