//Quantitative values
67	//Makespan
67	//Mission completion time hauler 1
27	//Application execution time (in millisecond)
//Path to the final points
0,[6,4]
1,[5,4]
2,[4,4]
3,[4,5]
4,[4,6]
5,[4,7]
6,[4,8]
7,[5,8]
8,[5,9]
9,[5,10]
10,[5,11]
11,[5,12]
12,[5,11]
13,[5,10]
14,[5,9]
15,[5,8]
16,[4,8]
17,[4,7]
18,[4,6]
19,[4,5]
20,[4,4]
21,[4,5]
22,[4,6]
23,[4,7]
24,[4,8]
25,[5,8]
26,[5,9]
27,[5,10]
28,[5,11]
29,[5,12]
30,[5,11]
31,[5,10]
32,[5,9]
33,[5,8]
34,[4,8]
35,[4,7]
36,[4,6]
37,[4,5]
38,[4,4]
39,[4,5]
40,[4,6]
41,[4,7]
42,[4,8]
43,[5,8]
44,[5,9]
45,[5,10]
46,[5,11]
47,[5,12]
48,[5,11]
49,[5,10]
50,[5,9]
51,[5,8]
52,[6,8]
53,[5,8]
54,[5,9]
55,[5,10]
56,[5,11]
57,[5,12]
58,[5,11]
59,[5,10]
60,[5,9]
61,[5,8]
62,[6,8]
63,[5,8]
64,[5,9]
65,[5,10]
66,[5,11]
67,[5,12]
