//Quantitative values
82	//Makespan
82	//Mission completion time hauler 1
10	//Application execution time (in millisecond)
//Path to the final points
0,[2,4]
1,[2,5]
2,[2,6]
3,[2,7]
4,[3,7]
5,[4,7]
6,[5,7]
7,[6,7]
8,[7,7]
9,[8,7]
10,[7,7]
11,[6,7]
12,[5,7]
13,[4,7]
14,[3,7]
15,[2,7]
16,[2,8]
17,[2,9]
18,[2,10]
19,[2,11]
20,[2,12]
21,[2,11]
22,[2,10]
23,[2,9]
24,[3,9]
25,[4,9]
26,[5,9]
27,[6,9]
28,[7,9]
29,[6,9]
30,[5,9]
31,[4,9]
32,[3,9]
33,[2,9]
34,[2,10]
35,[2,11]
36,[2,12]
37,[2,11]
38,[2,10]
39,[2,9]
40,[3,9]
41,[4,9]
42,[5,9]
43,[6,9]
44,[7,9]
45,[7,8]
46,[7,7]
47,[7,6]
48,[7,5]
49,[7,4]
50,[7,3]
51,[7,2]
52,[7,1]
53,[7,2]
54,[7,3]
55,[7,4]
56,[7,5]
57,[7,6]
58,[7,7]
59,[8,7]
60,[7,7]
61,[7,6]
62,[7,5]
63,[7,4]
64,[7,3]
65,[7,2]
66,[7,1]
67,[7,2]
68,[7,3]
69,[7,4]
70,[7,5]
71,[7,6]
72,[7,7]
73,[7,8]
74,[7,9]
75,[7,8]
76,[7,7]
77,[7,6]
78,[7,5]
79,[7,4]
80,[7,3]
81,[7,2]
82,[7,1]
