//Quantitative values
104	//Makespan
97	//Mission completion time hauler 1
104	//Mission completion time hauler 2
19	//Application execution time (in millisecond)
//Path to the final points
0,[8,3],[4,3]
1,[7,3],[4,4]
2,[7,4],[4,5]
3,[7,5],[4,6]
4,[7,6],[4,7]
5,[7,7],[4,8]
6,[7,8],[4,9]
7,[8,8],[4,10]
8,[7,8],[5,10]
9,[6,8],[6,10]
10,[5,8],[7,10]
11,[4,8],[8,10]
12,[4,7],[9,10]
13,[4,6],[10,10]
14,[4,5],[11,10]
15,[4,4],[10,10]
16,[4,3],[9,10]
17,[3,3],[8,10]
18,[2,3],[7,10]
19,[2,2],[6,10]
20,[2,1],[5,10]
21,[1,1],[4,10]
22,[2,1],[4,9]
23,[2,2],[4,8]
24,[2,3],[4,7]
25,[3,3],[4,6]
26,[4,3],[4,5]
27,[4,4],[4,4]
28,[4,5],[4,3]
29,[4,6],[3,3]
30,[4,7],[2,3]
31,[4,8],[2,2]
32,[5,8],[2,1]
33,[6,8],[1,1]
34,[7,8],[2,1]
35,[8,8],[2,2]
36,[8,9],[2,3]
37,[8,10],[3,3]
38,[9,10],[4,3]
39,[10,10],[4,4]
40,[11,10],[4,5]
41,[10,10],[4,6]
42,[9,10],[4,7]
43,[8,10],[4,8]
44,[7,10],[4,9]
45,[6,10],[4,10]
46,[5,10],[5,10]
47,[4,10],[6,10]
48,[4,9],[7,10]
49,[4,8],[8,10]
50,[4,7],[9,10]
51,[4,6],[10,10]
52,[4,5],[11,10]
53,[4,4],[10,10]
54,[4,3],[9,10]
55,[3,3],[8,10]
56,[2,3],[8,9]
57,[2,2],[8,8]
58,[2,1],[7,8]
59,[1,1],[6,8]
60,[2,1],[5,8]
61,[2,2],[4,8]
62,[2,3],[4,7]
63,[3,3],[4,6]
64,[4,3],[4,5]
65,[4,4],[4,4]
66,[4,5],[4,3]
67,[4,6],[3,3]
68,[4,7],[2,3]
69,[4,8],[2,2]
70,[4,9],[2,1]
71,[4,10],[1,1]
72,[5,10],[2,1]
73,[6,10],[2,2]
74,[7,10],[2,3]
75,[8,10],[3,3]
76,[9,10],[4,3]
77,[10,10],[4,4]
78,[11,10],[4,5]
79,[10,10],[4,6]
80,[9,10],[4,7]
81,[8,10],[4,8]
82,[8,9],[4,9]
83,[8,8],[4,8]
84,[7,8],[4,7]
85,[6,8],[4,6]
86,[5,8],[4,5]
87,[4,8],[4,4]
88,[4,7],[4,3]
89,[4,6],[3,3]
90,[4,5],[2,3]
91,[4,4],[2,2]
92,[4,3],[2,1]
93,[3,3],[1,1]
94,[2,3],[2,1]
95,[2,2],[2,2]
96,[2,1],[2,3]
97,[1,1],[3,3]
98,[1,1],[4,3]
99,[1,1],[4,4]
100,[1,1],[4,5]
101,[1,1],[4,6]
102,[1,1],[4,7]
103,[1,1],[4,8]
104,[1,1],[4,9]
