//Quantitative values
99	//Makespan
99	//Mission completion time hauler 1
11	//Application execution time (in millisecond)
//Path to the final points
0,[7,1]
1,[6,1]
2,[5,1]
3,[4,1]
4,[3,1]
5,[3,2]
6,[3,3]
7,[3,4]
8,[3,5]
9,[3,6]
10,[2,6]
11,[1,6]
12,[1,7]
13,[2,7]
14,[3,7]
15,[4,7]
16,[5,7]
17,[5,6]
18,[6,6]
19,[5,6]
20,[5,7]
21,[4,7]
22,[3,7]
23,[3,8]
24,[3,9]
25,[3,8]
26,[3,7]
27,[4,7]
28,[5,7]
29,[6,7]
30,[7,7]
31,[8,7]
32,[8,6]
33,[9,6]
34,[8,6]
35,[8,7]
36,[7,7]
37,[6,7]
38,[5,7]
39,[4,7]
40,[3,7]
41,[2,7]
42,[1,7]
43,[2,7]
44,[3,7]
45,[4,7]
46,[5,7]
47,[6,7]
48,[7,7]
49,[8,7]
50,[8,6]
51,[9,6]
52,[8,6]
53,[8,7]
54,[7,7]
55,[6,7]
56,[5,7]
57,[4,7]
58,[3,7]
59,[3,8]
60,[3,9]
61,[3,8]
62,[3,7]
63,[4,7]
64,[5,7]
65,[6,7]
66,[7,7]
67,[8,7]
68,[8,6]
69,[9,6]
70,[8,6]
71,[8,5]
72,[7,5]
73,[6,5]
74,[5,5]
75,[5,4]
76,[5,5]
77,[6,5]
78,[7,5]
79,[8,5]
80,[8,6]
81,[9,6]
82,[8,6]
83,[8,7]
84,[7,7]
85,[6,7]
86,[5,7]
87,[4,7]
88,[3,7]
89,[3,8]
90,[3,9]
91,[3,8]
92,[3,7]
93,[4,7]
94,[5,7]
95,[6,7]
96,[7,7]
97,[8,7]
98,[8,6]
99,[9,6]
