//Quantitative values
120	//Makespan
120	//Mission completion time hauler 1
18	//Application execution time (in millisecond)
//Path to the final points
0,[1,12]
1,[1,11]
2,[1,10]
3,[1,9]
4,[1,8]
5,[1,7]
6,[1,6]
7,[1,5]
8,[1,4]
9,[1,3]
10,[1,2]
11,[2,2]
12,[3,2]
13,[4,2]
14,[5,2]
15,[6,2]
16,[5,2]
17,[5,3]
18,[5,4]
19,[5,5]
20,[5,6]
21,[5,7]
22,[5,8]
23,[5,9]
24,[5,10]
25,[5,11]
26,[5,10]
27,[5,9]
28,[5,8]
29,[5,7]
30,[5,6]
31,[5,5]
32,[5,4]
33,[5,3]
34,[5,2]
35,[6,2]
36,[6,3]
37,[6,4]
38,[6,5]
39,[7,5]
40,[8,5]
41,[9,5]
42,[10,5]
43,[11,5]
44,[10,5]
45,[9,5]
46,[8,5]
47,[7,5]
48,[6,5]
49,[5,5]
50,[5,4]
51,[5,3]
52,[5,4]
53,[5,5]
54,[5,6]
55,[5,7]
56,[5,8]
57,[5,9]
58,[6,9]
59,[7,9]
60,[8,9]
61,[9,9]
62,[10,9]
63,[9,9]
64,[8,9]
65,[8,8]
66,[8,7]
67,[8,6]
68,[8,5]
69,[8,4]
70,[8,3]
71,[8,2]
72,[8,1]
73,[8,2]
74,[8,3]
75,[8,4]
76,[8,5]
77,[9,5]
78,[10,5]
79,[11,5]
80,[10,5]
81,[9,5]
82,[8,5]
83,[7,5]
84,[6,5]
85,[6,4]
86,[6,3]
87,[6,2]
88,[5,2]
89,[5,3]
90,[5,4]
91,[5,5]
92,[5,6]
93,[5,7]
94,[5,8]
95,[5,9]
96,[5,10]
97,[5,11]
98,[5,10]
99,[5,9]
100,[5,8]
101,[5,7]
102,[5,6]
103,[5,5]
104,[5,4]
105,[5,3]
106,[5,2]
107,[5,1]
108,[6,1]
109,[7,1]
110,[8,1]
111,[8,2]
112,[8,3]
113,[8,4]
114,[8,5]
115,[8,6]
116,[8,7]
117,[8,8]
118,[8,9]
119,[9,9]
120,[10,9]
