//Quantitative values
50	//Makespan
50	//Mission completion time hauler 1
16	//Application execution time (in millisecond)
//Path to the final points
0,[8,12]
1,[7,12]
2,[6,12]
3,[5,12]
4,[4,12]
5,[4,11]
6,[4,10]
7,[3,10]
8,[3,11]
9,[3,12]
10,[3,11]
11,[3,10]
12,[4,10]
13,[5,10]
14,[4,10]
15,[3,10]
16,[3,11]
17,[3,12]
18,[3,11]
19,[3,10]
20,[4,10]
21,[3,10]
22,[3,11]
23,[3,12]
24,[3,11]
25,[3,10]
26,[4,10]
27,[5,10]
28,[4,10]
29,[3,10]
30,[2,10]
31,[2,9]
32,[2,8]
33,[2,9]
34,[3,9]
35,[4,9]
36,[5,9]
37,[6,9]
38,[7,9]
39,[8,9]
40,[9,9]
41,[8,9]
42,[7,9]
43,[6,9]
44,[5,9]
45,[5,10]
46,[4,10]
47,[3,10]
48,[2,10]
49,[2,9]
50,[2,8]
