//Quantitative values
100	//Makespan
100	//Mission completion time hauler 1
16	//Application execution time (in millisecond)
//Path to the final points
0,[12,9]
1,[11,9]
2,[10,9]
3,[9,9]
4,[8,9]
5,[7,9]
6,[6,9]
7,[5,9]
8,[4,9]
9,[3,9]
10,[2,9]
11,[2,8]
12,[2,7]
13,[2,6]
14,[2,5]
15,[2,4]
16,[2,3]
17,[2,4]
18,[2,3]
19,[2,4]
20,[2,5]
21,[2,6]
22,[3,6]
23,[4,6]
24,[5,6]
25,[6,6]
26,[7,6]
27,[8,6]
28,[9,6]
29,[9,7]
30,[9,8]
31,[9,9]
32,[9,10]
33,[10,10]
34,[11,10]
35,[10,10]
36,[9,10]
37,[9,9]
38,[9,8]
39,[9,7]
40,[9,6]
41,[9,7]
42,[9,8]
43,[9,9]
44,[9,10]
45,[10,10]
46,[11,10]
47,[10,10]
48,[9,10]
49,[8,10]
50,[7,10]
51,[6,10]
52,[5,10]
53,[4,10]
54,[3,10]
55,[2,10]
56,[2,9]
57,[2,8]
58,[2,7]
59,[2,6]
60,[2,5]
61,[2,4]
62,[1,4]
63,[1,5]
64,[1,6]
65,[1,7]
66,[1,8]
67,[1,9]
68,[1,10]
69,[1,9]
70,[1,8]
71,[1,7]
72,[1,6]
73,[2,6]
74,[3,6]
75,[4,6]
76,[5,6]
77,[6,6]
78,[7,6]
79,[8,6]
80,[9,6]
81,[9,7]
82,[9,8]
83,[9,9]
84,[9,10]
85,[10,10]
86,[11,10]
87,[10,10]
88,[9,10]
89,[8,10]
90,[7,10]
91,[6,10]
92,[5,10]
93,[4,10]
94,[3,10]
95,[2,10]
96,[1,10]
97,[1,9]
98,[1,8]
99,[1,7]
100,[1,6]
