//Quantitative values
118	//Makespan
118	//Mission completion time hauler 1
13	//Application execution time (in millisecond)
//Path to the final points
0,[3,10]
1,[3,9]
2,[3,8]
3,[3,7]
4,[3,6]
5,[3,5]
6,[3,4]
7,[4,4]
8,[5,4]
9,[6,4]
10,[5,4]
11,[4,4]
12,[3,4]
13,[3,5]
14,[3,6]
15,[3,7]
16,[3,8]
17,[4,8]
18,[5,8]
19,[6,8]
20,[7,8]
21,[8,8]
22,[9,8]
23,[9,9]
24,[10,9]
25,[11,9]
26,[10,9]
27,[9,9]
28,[9,10]
29,[8,10]
30,[7,10]
31,[6,10]
32,[5,10]
33,[4,10]
34,[3,10]
35,[2,10]
36,[3,10]
37,[4,10]
38,[5,10]
39,[6,10]
40,[7,10]
41,[8,10]
42,[9,10]
43,[9,9]
44,[10,9]
45,[11,9]
46,[10,9]
47,[9,9]
48,[9,8]
49,[8,8]
50,[7,8]
51,[6,8]
52,[5,8]
53,[4,8]
54,[3,8]
55,[4,8]
56,[5,8]
57,[6,8]
58,[7,8]
59,[8,8]
60,[9,8]
61,[9,9]
62,[10,9]
63,[11,9]
64,[10,9]
65,[9,9]
66,[9,8]
67,[8,8]
68,[7,8]
69,[6,8]
70,[5,8]
71,[4,8]
72,[3,8]
73,[4,8]
74,[5,8]
75,[6,8]
76,[7,8]
77,[8,8]
78,[9,8]
79,[9,9]
80,[10,9]
81,[11,9]
82,[10,9]
83,[9,9]
84,[9,8]
85,[8,8]
86,[8,7]
87,[8,6]
88,[8,5]
89,[8,4]
90,[8,5]
91,[8,6]
92,[8,7]
93,[8,8]
94,[9,8]
95,[9,9]
96,[10,9]
97,[11,9]
98,[10,9]
99,[9,9]
100,[9,10]
101,[8,10]
102,[7,10]
103,[6,10]
104,[5,10]
105,[4,10]
106,[3,10]
107,[2,10]
108,[3,10]
109,[4,10]
110,[5,10]
111,[5,11]
112,[6,11]
113,[5,11]
114,[5,10]
115,[4,10]
116,[3,10]
117,[3,9]
118,[3,8]
