//Quantitative values
94	//Makespan
94	//Mission completion time hauler 1
41	//Application execution time (in millisecond)
//Path to the final points
0,[7,1]
1,[6,1]
2,[5,1]
3,[4,1]
4,[3,1]
5,[3,2]
6,[3,3]
7,[3,4]
8,[3,5]
9,[3,6]
10,[2,6]
11,[1,6]
12,[1,7]
13,[2,7]
14,[3,7]
15,[4,7]
16,[5,7]
17,[6,7]
18,[7,7]
19,[8,7]
20,[8,6]
21,[9,6]
22,[8,6]
23,[8,5]
24,[7,5]
25,[6,5]
26,[5,5]
27,[5,4]
28,[5,5]
29,[5,6]
30,[5,7]
31,[5,8]
32,[6,8]
33,[7,8]
34,[8,8]
35,[7,8]
36,[6,8]
37,[5,8]
38,[4,8]
39,[3,8]
40,[3,9]
41,[3,8]
42,[3,7]
43,[4,7]
44,[5,7]
45,[5,6]
46,[6,6]
47,[5,6]
48,[5,5]
49,[5,4]
50,[5,5]
51,[5,6]
52,[5,7]
53,[5,8]
54,[6,8]
55,[7,8]
56,[8,8]
57,[7,8]
58,[6,8]
59,[5,8]
60,[4,8]
61,[3,8]
62,[2,8]
63,[1,8]
64,[1,7]
65,[2,7]
66,[3,7]
67,[4,7]
68,[5,7]
69,[5,6]
70,[6,6]
71,[5,6]
72,[5,7]
73,[4,7]
74,[3,7]
75,[3,8]
76,[3,9]
77,[3,8]
78,[4,8]
79,[5,8]
80,[6,8]
81,[7,8]
82,[8,8]
83,[7,8]
84,[6,8]
85,[5,8]
86,[4,8]
87,[3,8]
88,[3,9]
89,[3,8]
90,[4,8]
91,[5,8]
92,[6,8]
93,[7,8]
94,[8,8]
