//Quantitative values
144	//Makespan
144	//Mission completion time hauler 1
40	//Application execution time (in millisecond)
//Path to the final points
0,[1,12]
1,[1,11]
2,[1,10]
3,[2,10]
4,[3,10]
5,[4,10]
6,[5,10]
7,[6,10]
8,[7,10]
9,[8,10]
10,[8,9]
11,[9,9]
12,[10,9]
13,[9,9]
14,[9,8]
15,[9,7]
16,[8,7]
17,[8,6]
18,[7,6]
19,[6,6]
20,[6,5]
21,[6,4]
22,[6,3]
23,[6,2]
24,[6,1]
25,[7,1]
26,[8,1]
27,[8,2]
28,[9,2]
29,[10,2]
30,[10,3]
31,[10,4]
32,[11,4]
33,[11,5]
34,[11,4]
35,[10,4]
36,[10,3]
37,[10,2]
38,[9,2]
39,[8,2]
40,[8,1]
41,[7,1]
42,[6,1]
43,[6,2]
44,[6,3]
45,[6,4]
46,[6,5]
47,[6,6]
48,[7,6]
49,[8,6]
50,[8,7]
51,[9,7]
52,[9,8]
53,[9,9]
54,[10,9]
55,[9,9]
56,[9,8]
57,[9,7]
58,[8,7]
59,[8,6]
60,[8,5]
61,[8,4]
62,[8,3]
63,[8,2]
64,[8,1]
65,[8,2]
66,[8,3]
67,[8,4]
68,[8,5]
69,[8,6]
70,[8,7]
71,[9,7]
72,[9,8]
73,[9,9]
74,[10,9]
75,[9,9]
76,[9,8]
77,[9,7]
78,[8,7]
79,[8,6]
80,[7,6]
81,[6,6]
82,[6,5]
83,[6,4]
84,[6,3]
85,[5,3]
86,[6,3]
87,[6,4]
88,[6,5]
89,[6,6]
90,[7,6]
91,[8,6]
92,[8,7]
93,[9,7]
94,[9,8]
95,[9,9]
96,[10,9]
97,[9,9]
98,[9,8]
99,[9,7]
100,[8,7]
101,[8,6]
102,[7,6]
103,[6,6]
104,[6,5]
105,[6,4]
106,[6,3]
107,[6,2]
108,[6,1]
109,[7,1]
110,[8,1]
111,[8,2]
112,[9,2]
113,[10,2]
114,[10,3]
115,[10,4]
116,[11,4]
117,[11,5]
118,[11,4]
119,[10,4]
120,[10,3]
121,[10,2]
122,[9,2]
123,[8,2]
124,[8,1]
125,[7,1]
126,[6,1]
127,[6,2]
128,[6,1]
129,[7,1]
130,[8,1]
131,[8,2]
132,[9,2]
133,[10,2]
134,[10,3]
135,[10,4]
136,[11,4]
137,[11,5]
138,[11,4]
139,[10,4]
140,[10,3]
141,[10,2]
142,[9,2]
143,[8,2]
144,[8,1]
