//Quantitative values
114	//Makespan
114	//Mission completion time hauler 1
18	//Application execution time (in millisecond)
//Path to the final points
0,[12,9]
1,[11,9]
2,[11,10]
3,[10,10]
4,[9,10]
5,[8,10]
6,[7,10]
7,[6,10]
8,[5,10]
9,[4,10]
10,[3,10]
11,[2,10]
12,[2,9]
13,[2,8]
14,[2,7]
15,[2,6]
16,[2,5]
17,[2,4]
18,[2,5]
19,[2,6]
20,[2,7]
21,[2,8]
22,[2,9]
23,[2,10]
24,[3,10]
25,[4,10]
26,[5,10]
27,[6,10]
28,[7,10]
29,[8,10]
30,[9,10]
31,[10,10]
32,[11,10]
33,[10,10]
34,[9,10]
35,[9,9]
36,[9,8]
37,[9,7]
38,[9,6]
39,[8,6]
40,[7,6]
41,[6,6]
42,[5,6]
43,[4,6]
44,[3,6]
45,[2,6]
46,[1,6]
47,[1,7]
48,[1,8]
49,[1,9]
50,[1,10]
51,[1,9]
52,[1,8]
53,[1,7]
54,[1,6]
55,[1,5]
56,[1,4]
57,[1,3]
58,[2,3]
59,[2,4]
60,[1,4]
61,[1,5]
62,[1,6]
63,[1,7]
64,[1,8]
65,[1,9]
66,[1,10]
67,[1,9]
68,[1,8]
69,[1,7]
70,[1,6]
71,[2,6]
72,[3,6]
73,[4,6]
74,[5,6]
75,[6,6]
76,[7,6]
77,[8,6]
78,[9,6]
79,[8,6]
80,[7,6]
81,[6,6]
82,[5,6]
83,[4,6]
84,[3,6]
85,[2,6]
86,[1,6]
87,[1,7]
88,[1,8]
89,[1,9]
90,[1,10]
91,[1,9]
92,[1,8]
93,[1,7]
94,[1,6]
95,[1,7]
96,[1,8]
97,[1,9]
98,[1,10]
99,[2,10]
100,[3,10]
101,[4,10]
102,[5,10]
103,[6,10]
104,[7,10]
105,[8,10]
106,[9,10]
107,[10,10]
108,[11,10]
109,[10,10]
110,[9,10]
111,[9,9]
112,[9,8]
113,[9,7]
114,[9,6]
