//Quantitative values
99	//Makespan
99	//Mission completion time hauler 1
23	//Application execution time (in millisecond)
//Path to the final points
0,[8,3]
1,[7,3]
2,[6,3]
3,[5,3]
4,[4,3]
5,[3,3]
6,[2,3]
7,[1,3]
8,[1,4]
9,[1,5]
10,[1,6]
11,[1,7]
12,[1,8]
13,[1,9]
14,[1,10]
15,[1,9]
16,[1,8]
17,[1,7]
18,[1,6]
19,[1,5]
20,[1,4]
21,[1,3]
22,[2,3]
23,[3,3]
24,[4,3]
25,[5,3]
26,[6,3]
27,[6,4]
28,[7,4]
29,[8,4]
30,[8,5]
31,[8,6]
32,[8,7]
33,[9,7]
34,[10,7]
35,[11,7]
36,[10,7]
37,[9,7]
38,[8,7]
39,[8,6]
40,[8,5]
41,[8,4]
42,[7,4]
43,[7,5]
44,[7,6]
45,[7,7]
46,[7,8]
47,[7,9]
48,[7,10]
49,[6,10]
50,[5,10]
51,[4,10]
52,[3,10]
53,[2,10]
54,[1,10]
55,[1,9]
56,[1,8]
57,[1,7]
58,[1,6]
59,[1,5]
60,[1,4]
61,[1,3]
62,[2,3]
63,[3,3]
64,[4,3]
65,[5,3]
66,[6,3]
67,[6,4]
68,[6,5]
69,[7,5]
70,[8,5]
71,[9,5]
72,[10,5]
73,[11,5]
74,[12,5]
75,[11,5]
76,[10,5]
77,[9,5]
78,[8,5]
79,[7,5]
80,[6,5]
81,[6,4]
82,[6,3]
83,[6,4]
84,[6,5]
85,[7,5]
86,[8,5]
87,[9,5]
88,[10,5]
89,[11,5]
90,[12,5]
91,[11,5]
92,[11,6]
93,[11,7]
94,[11,6]
95,[11,5]
96,[12,5]
97,[11,5]
98,[11,6]
99,[11,7]
