//Quantitative values
37	//Makespan
37	//Mission completion time hauler 1
11	//Application execution time (in millisecond)
//Path to the final points
0,[3,10]
1,[4,10]
2,[5,10]
3,[6,10]
4,[7,10]
5,[8,10]
6,[9,10]
7,[9,9]
8,[10,9]
9,[11,9]
10,[10,9]
11,[9,9]
12,[9,8]
13,[8,8]
14,[7,8]
15,[6,8]
16,[5,8]
17,[4,8]
18,[3,8]
19,[4,8]
20,[5,8]
21,[6,8]
22,[7,8]
23,[8,8]
24,[9,8]
25,[9,9]
26,[10,9]
27,[11,9]
28,[10,9]
29,[9,9]
30,[9,10]
31,[8,10]
32,[7,10]
33,[6,10]
34,[5,10]
35,[4,10]
36,[3,10]
37,[2,10]
