//Quantitative values
40	//Makespan
40	//Mission completion time hauler 1
4	//Application execution time (in millisecond)
//Path to the final points
0,[1,12]
1,[1,11]
2,[1,10]
3,[2,10]
4,[3,10]
5,[4,10]
6,[5,10]
7,[6,10]
8,[7,10]
9,[8,10]
10,[8,9]
11,[9,9]
12,[10,9]
13,[9,9]
14,[9,8]
15,[9,7]
16,[8,7]
17,[8,6]
18,[7,6]
19,[6,6]
20,[6,5]
21,[6,4]
22,[6,3]
23,[6,2]
24,[6,1]
25,[7,1]
26,[8,1]
27,[8,2]
28,[9,2]
29,[10,2]
30,[10,3]
31,[10,4]
32,[11,4]
33,[11,5]
34,[11,4]
35,[10,4]
36,[10,3]
37,[10,2]
38,[9,2]
39,[8,2]
40,[8,1]
