//Quantitative values
46	//Makespan
46	//Mission completion time hauler 1
10	//Application execution time (in millisecond)
//Path to the final points
0,[12,9]
1,[11,9]
2,[10,9]
3,[9,9]
4,[8,9]
5,[7,9]
6,[6,9]
7,[5,9]
8,[4,9]
9,[3,9]
10,[2,9]
11,[2,8]
12,[2,7]
13,[2,6]
14,[2,5]
15,[2,4]
16,[2,3]
17,[2,4]
18,[2,5]
19,[3,5]
20,[4,5]
21,[5,5]
22,[6,5]
23,[7,5]
24,[8,5]
25,[8,6]
26,[9,6]
27,[9,7]
28,[9,8]
29,[9,9]
30,[10,9]
31,[11,9]
32,[11,10]
33,[11,9]
34,[10,9]
35,[9,9]
36,[8,9]
37,[7,9]
38,[6,9]
39,[5,9]
40,[4,9]
41,[3,9]
42,[2,9]
43,[2,8]
44,[2,7]
45,[1,7]
46,[1,6]
