//Quantitative values
42	//Makespan
42	//Mission completion time hauler 1
11	//Application execution time (in millisecond)
//Path to the final points
0,[8,10]
1,[8,9]
2,[8,8]
3,[7,8]
4,[7,7]
5,[7,6]
6,[7,5]
7,[7,4]
8,[6,4]
9,[5,4]
10,[4,4]
11,[3,4]
12,[2,4]
13,[1,4]
14,[1,3]
15,[1,2]
16,[1,1]
17,[1,2]
18,[1,3]
19,[1,4]
20,[2,4]
21,[3,4]
22,[4,4]
23,[5,4]
24,[6,4]
25,[7,4]
26,[7,5]
27,[7,6]
28,[7,7]
29,[7,8]
30,[8,8]
31,[7,8]
32,[7,7]
33,[7,6]
34,[7,5]
35,[7,4]
36,[6,4]
37,[5,4]
38,[4,4]
39,[3,4]
40,[2,4]
41,[1,4]
42,[1,3]
