//Quantitative values
27	//Makespan
18	//Mission completion time hauler 1
27	//Mission completion time hauler 2
7	//Application execution time (in millisecond)
//Path to the final points
0,[10,9],[7,4]
1,[9,9],[6,4]
2,[8,9],[5,4]
3,[8,8],[4,4]
4,[8,7],[3,4]
5,[8,6],[3,5]
6,[8,5],[3,4]
7,[8,4],[3,3]
8,[8,3],[4,3]
9,[8,2],[5,3]
10,[8,1],[6,3]
11,[9,1],[7,3]
12,[10,1],[8,3]
13,[11,1],[7,3]
14,[10,1],[6,3]
15,[9,1],[5,3]
16,[8,1],[4,3]
17,[8,2],[3,3]
18,[8,3],[3,4]
19,[8,3],[3,5]
20,[8,3],[3,4]
21,[8,3],[4,4]
22,[8,3],[5,4]
23,[8,3],[6,4]
24,[8,3],[7,4]
25,[8,3],[7,5]
26,[8,3],[7,6]
27,[8,3],[8,6]
