//Quantitative values
37	//Makespan
37	//Mission completion time hauler 1
28	//Mission completion time hauler 2
21	//Application execution time (in millisecond)
//Path to the final points
0,[2,8],[6,1]
1,[2,7],[6,2]
2,[2,6],[7,2]
3,[2,5],[8,2]
4,[2,4],[9,2]
5,[2,3],[10,2]
6,[3,3],[11,2]
7,[3,2],[12,2]
8,[4,2],[11,2]
9,[5,2],[10,2]
10,[6,2],[9,2]
11,[7,2],[8,2]
12,[8,2],[7,2]
13,[9,2],[6,2]
14,[10,2],[5,2]
15,[11,2],[6,2]
16,[12,2],[7,2]
17,[11,2],[8,2]
18,[10,2],[9,2]
19,[9,2],[10,2]
20,[8,2],[11,2]
21,[7,2],[12,2]
22,[6,2],[11,2]
23,[5,2],[10,2]
24,[5,3],[9,2]
25,[5,4],[8,2]
26,[6,4],[7,2]
27,[7,4],[6,2]
28,[7,5],[5,2]
29,[7,6],[5,2]
30,[7,7],[5,2]
31,[7,8],[5,2]
32,[7,9],[5,2]
33,[7,10],[5,2]
34,[8,10],[5,2]
35,[9,10],[5,2]
36,[10,10],[5,2]
37,[11,10],[5,2]
