//Quantitative values
45	//Makespan
45	//Mission completion time hauler 1
4	//Application execution time (in millisecond)
//Path to the final points
0,[2,4]
1,[2,5]
2,[2,6]
3,[2,7]
4,[2,8]
5,[2,9]
6,[2,10]
7,[3,10]
8,[4,10]
9,[4,9]
10,[4,8]
11,[4,7]
12,[4,6]
13,[4,5]
14,[5,5]
15,[6,5]
16,[7,5]
17,[8,5]
18,[9,5]
19,[10,5]
20,[11,5]
21,[12,5]
22,[11,5]
23,[10,5]
24,[9,5]
25,[8,5]
26,[7,5]
27,[6,5]
28,[5,5]
29,[4,5]
30,[3,5]
31,[2,5]
32,[1,5]
33,[1,6]
34,[1,5]
35,[2,5]
36,[3,5]
37,[4,5]
38,[5,5]
39,[6,5]
40,[7,5]
41,[8,5]
42,[9,5]
43,[10,5]
44,[11,5]
45,[12,5]
