//Quantitative values
45	//Makespan
45	//Mission completion time hauler 1
43	//Mission completion time hauler 2
7	//Application execution time (in millisecond)
//Path to the final points
0,[5,12],[12,9]
1,[4,12],[11,9]
2,[3,12],[10,9]
3,[2,12],[9,9]
4,[1,12],[8,9]
5,[1,11],[7,9]
6,[1,12],[7,8]
7,[2,12],[7,7]
8,[3,12],[7,6]
9,[4,12],[7,5]
10,[5,12],[7,4]
11,[6,12],[6,4]
12,[7,12],[5,4]
13,[8,12],[4,4]
14,[9,12],[3,4]
15,[9,11],[2,4]
16,[9,10],[1,4]
17,[9,9],[1,3]
18,[9,8],[1,2]
19,[9,7],[1,1]
20,[9,6],[1,2]
21,[10,6],[1,3]
22,[9,6],[1,4]
23,[8,6],[1,5]
24,[7,6],[1,6]
25,[7,5],[1,7]
26,[7,4],[2,7]
27,[6,4],[3,7]
28,[5,4],[2,7]
29,[4,4],[1,7]
30,[3,4],[1,6]
31,[3,5],[1,5]
32,[3,6],[1,4]
33,[3,7],[1,3]
34,[3,6],[1,2]
35,[3,5],[1,1]
36,[3,4],[1,2]
37,[4,4],[1,3]
38,[5,4],[1,4]
39,[6,4],[1,5]
40,[7,4],[1,6]
41,[7,5],[1,7]
42,[7,6],[2,7]
43,[8,6],[3,7]
44,[9,6],[3,7]
45,[10,6],[3,7]
