//Quantitative values
81	//Makespan
81	//Mission completion time hauler 1
20	//Application execution time (in millisecond)
//Path to the final points
0,[4,12]
1,[4,11]
2,[4,10]
3,[4,9]
4,[4,8]
5,[4,7]
6,[4,6]
7,[5,6]
8,[6,6]
9,[7,6]
10,[8,6]
11,[9,6]
12,[8,6]
13,[7,6]
14,[6,6]
15,[5,6]
16,[4,6]
17,[3,6]
18,[3,7]
19,[3,8]
20,[3,9]
21,[3,10]
22,[3,11]
23,[3,10]
24,[3,9]
25,[3,8]
26,[3,7]
27,[3,6]
28,[4,6]
29,[5,6]
30,[5,7]
31,[5,8]
32,[5,9]
33,[5,10]
34,[5,11]
35,[6,11]
36,[7,11]
37,[8,11]
38,[9,11]
39,[8,11]
40,[7,11]
41,[6,11]
42,[5,11]
43,[5,10]
44,[5,9]
45,[5,8]
46,[5,7]
47,[5,6]
48,[4,6]
49,[3,6]
50,[3,7]
51,[3,8]
52,[3,9]
53,[3,10]
54,[3,11]
55,[4,11]
56,[5,11]
57,[6,11]
58,[7,11]
59,[8,11]
60,[7,11]
61,[6,11]
62,[5,11]
63,[5,10]
64,[5,9]
65,[5,8]
66,[5,7]
67,[5,6]
68,[5,5]
69,[5,4]
70,[5,3]
71,[5,2]
72,[5,3]
73,[5,4]
74,[5,5]
75,[5,6]
76,[6,6]
77,[7,6]
78,[8,6]
79,[9,6]
80,[8,6]
81,[8,5]
