//Quantitative values
74	//Makespan
74	//Mission completion time hauler 1
28	//Application execution time (in millisecond)
//Path to the final points
0,[7,2]
1,[8,2]
2,[8,3]
3,[8,4]
4,[7,4]
5,[7,5]
6,[7,6]
7,[7,7]
8,[7,8]
9,[6,8]
10,[5,8]
11,[5,9]
12,[5,10]
13,[5,11]
14,[5,10]
15,[5,9]
16,[5,8]
17,[6,8]
18,[7,8]
19,[7,7]
20,[7,6]
21,[7,5]
22,[7,4]
23,[8,4]
24,[8,3]
25,[8,4]
26,[7,4]
27,[7,5]
28,[7,6]
29,[7,7]
30,[7,8]
31,[6,8]
32,[5,8]
33,[5,9]
34,[5,10]
35,[5,11]
36,[4,11]
37,[3,11]
38,[2,11]
39,[2,10]
40,[1,10]
41,[1,9]
42,[2,9]
43,[3,9]
44,[4,9]
45,[5,9]
46,[6,9]
47,[7,9]
48,[6,9]
49,[5,9]
50,[4,9]
51,[3,9]
52,[2,9]
53,[1,9]
54,[1,10]
55,[1,9]
56,[2,9]
57,[3,9]
58,[4,9]
59,[5,9]
60,[6,9]
61,[7,9]
62,[7,8]
63,[7,7]
64,[7,6]
65,[7,5]
66,[7,4]
67,[8,4]
68,[8,3]
69,[8,2]
70,[7,2]
71,[6,2]
72,[5,2]
73,[4,2]
74,[4,1]
