//Quantitative values
103	//Makespan
103	//Mission completion time hauler 1
27	//Application execution time (in millisecond)
//Path to the final points
0,[3,8]
1,[3,9]
2,[4,9]
3,[5,9]
4,[6,9]
5,[7,9]
6,[8,9]
7,[9,9]
8,[9,8]
9,[9,7]
10,[9,6]
11,[9,5]
12,[9,4]
13,[9,3]
14,[8,3]
15,[8,2]
16,[8,1]
17,[9,1]
18,[10,1]
19,[11,1]
20,[10,1]
21,[9,1]
22,[8,1]
23,[7,1]
24,[6,1]
25,[6,2]
26,[6,3]
27,[6,4]
28,[6,5]
29,[6,6]
30,[6,5]
31,[6,4]
32,[6,3]
33,[6,2]
34,[6,1]
35,[7,1]
36,[8,1]
37,[9,1]
38,[10,1]
39,[11,1]
40,[10,1]
41,[9,1]
42,[8,1]
43,[8,2]
44,[8,3]
45,[9,3]
46,[9,4]
47,[9,5]
48,[9,6]
49,[9,7]
50,[9,8]
51,[9,9]
52,[9,8]
53,[9,7]
54,[9,6]
55,[9,5]
56,[9,4]
57,[9,3]
58,[8,3]
59,[8,2]
60,[8,1]
61,[9,1]
62,[10,1]
63,[11,1]
64,[10,1]
65,[9,1]
66,[8,1]
67,[7,1]
68,[6,1]
69,[6,2]
70,[6,3]
71,[6,4]
72,[6,5]
73,[6,6]
74,[6,5]
75,[6,4]
76,[6,3]
77,[6,2]
78,[6,1]
79,[7,1]
80,[8,1]
81,[9,1]
82,[10,1]
83,[11,1]
84,[10,1]
85,[9,1]
86,[8,1]
87,[7,1]
88,[6,1]
89,[5,1]
90,[5,2]
91,[5,3]
92,[5,4]
93,[5,5]
94,[5,6]
95,[5,7]
96,[5,8]
97,[5,9]
98,[5,10]
99,[6,10]
100,[7,10]
101,[8,10]
102,[9,10]
103,[10,10]
