//Quantitative values
70	//Makespan
70	//Mission completion time hauler 1
17	//Application execution time (in millisecond)
//Path to the final points
0,[7,9]
1,[7,10]
2,[7,11]
3,[6,11]
4,[5,11]
5,[4,11]
6,[3,11]
7,[4,11]
8,[5,11]
9,[6,11]
10,[7,11]
11,[7,10]
12,[7,9]
13,[7,8]
14,[7,7]
15,[7,6]
16,[7,5]
17,[7,4]
18,[7,3]
19,[7,2]
20,[7,1]
21,[8,1]
22,[9,1]
23,[9,2]
24,[9,3]
25,[9,4]
26,[9,5]
27,[9,6]
28,[9,7]
29,[9,8]
30,[9,9]
31,[9,10]
32,[8,10]
33,[8,9]
34,[8,8]
35,[8,7]
36,[8,6]
37,[8,5]
38,[8,4]
39,[8,3]
40,[7,3]
41,[7,4]
42,[7,5]
43,[7,6]
44,[7,7]
45,[7,8]
46,[7,9]
47,[7,10]
48,[7,11]
49,[7,10]
50,[7,9]
51,[7,8]
52,[7,7]
53,[7,6]
54,[7,5]
55,[7,4]
56,[7,3]
57,[7,2]
58,[7,1]
59,[8,1]
60,[9,1]
61,[9,2]
62,[9,3]
63,[9,4]
64,[9,5]
65,[9,6]
66,[9,5]
67,[9,4]
68,[9,3]
69,[9,2]
70,[9,1]
