//Quantitative values
38	//Makespan
38	//Mission completion time hauler 1
6	//Application execution time (in millisecond)
//Path to the final points
0,[3,10]
1,[3,11]
2,[4,11]
3,[5,11]
4,[6,11]
5,[5,11]
6,[4,11]
7,[3,11]
8,[2,11]
9,[2,10]
10,[2,11]
11,[3,11]
12,[4,11]
13,[5,11]
14,[6,11]
15,[5,11]
16,[4,11]
17,[3,11]
18,[2,11]
19,[2,10]
20,[2,9]
21,[3,9]
22,[4,9]
23,[5,9]
24,[6,9]
25,[7,9]
26,[8,9]
27,[9,9]
28,[10,9]
29,[11,9]
30,[10,9]
31,[9,9]
32,[8,9]
33,[7,9]
34,[6,9]
35,[5,9]
36,[4,9]
37,[3,9]
38,[3,8]
