//Quantitative values
71	//Makespan
71	//Mission completion time hauler 1
18	//Application execution time (in millisecond)
//Path to the final points
0,[1,12]
1,[1,11]
2,[1,10]
3,[1,9]
4,[1,8]
5,[1,7]
6,[1,6]
7,[1,5]
8,[1,4]
9,[1,3]
10,[1,2]
11,[1,1]
12,[2,1]
13,[3,1]
14,[4,1]
15,[5,1]
16,[6,1]
17,[7,1]
18,[8,1]
19,[7,1]
20,[6,1]
21,[6,2]
22,[6,3]
23,[6,4]
24,[6,5]
25,[5,5]
26,[5,6]
27,[5,7]
28,[5,8]
29,[5,9]
30,[5,10]
31,[5,11]
32,[4,11]
33,[4,10]
34,[4,9]
35,[4,8]
36,[4,7]
37,[4,6]
38,[4,5]
39,[4,4]
40,[4,3]
41,[5,3]
42,[6,3]
43,[7,3]
44,[8,3]
45,[8,2]
46,[9,2]
47,[10,2]
48,[10,3]
49,[10,4]
50,[11,4]
51,[11,5]
52,[11,4]
53,[10,4]
54,[10,3]
55,[10,2]
56,[9,2]
57,[8,2]
58,[8,1]
59,[7,1]
60,[6,1]
61,[6,2]
62,[6,1]
63,[7,1]
64,[8,1]
65,[8,2]
66,[9,2]
67,[10,2]
68,[10,3]
69,[10,4]
70,[11,4]
71,[11,5]
