//Quantitative values
54	//Makespan
54	//Mission completion time hauler 1
17	//Application execution time (in millisecond)
//Path to the final points
0,[12,9]
1,[11,9]
2,[10,9]
3,[9,9]
4,[8,9]
5,[7,9]
6,[6,9]
7,[5,9]
8,[4,9]
9,[3,9]
10,[2,9]
11,[2,8]
12,[2,7]
13,[1,7]
14,[1,6]
15,[1,5]
16,[1,4]
17,[2,4]
18,[2,3]
19,[2,4]
20,[1,4]
21,[1,5]
22,[1,6]
23,[1,7]
24,[2,7]
25,[2,8]
26,[2,9]
27,[3,9]
28,[4,9]
29,[5,9]
30,[6,9]
31,[7,9]
32,[8,9]
33,[9,9]
34,[10,9]
35,[11,9]
36,[11,10]
37,[11,9]
38,[10,9]
39,[9,9]
40,[8,9]
41,[7,9]
42,[6,9]
43,[5,9]
44,[4,9]
45,[3,9]
46,[2,9]
47,[2,8]
48,[2,7]
49,[1,7]
50,[1,6]
51,[1,5]
52,[1,4]
53,[2,4]
54,[2,3]
