//Quantitative values
82	//Makespan
82	//Mission completion time hauler 1
10	//Application execution time (in millisecond)
//Path to the final points
0,[9,8]
1,[8,8]
2,[7,8]
3,[6,8]
4,[5,8]
5,[4,8]
6,[3,8]
7,[3,7]
8,[3,6]
9,[3,5]
10,[3,4]
11,[3,3]
12,[3,2]
13,[3,1]
14,[3,2]
15,[3,3]
16,[3,4]
17,[3,5]
18,[3,6]
19,[3,7]
20,[4,7]
21,[3,7]
22,[3,6]
23,[3,5]
24,[3,4]
25,[3,3]
26,[3,2]
27,[3,1]
28,[3,2]
29,[3,3]
30,[3,4]
31,[3,5]
32,[3,6]
33,[3,7]
34,[3,8]
35,[3,9]
36,[4,9]
37,[5,9]
38,[6,9]
39,[7,9]
40,[8,9]
41,[9,9]
42,[8,9]
43,[7,9]
44,[6,9]
45,[5,9]
46,[4,9]
47,[3,9]
48,[3,8]
49,[3,7]
50,[3,6]
51,[3,5]
52,[3,4]
53,[3,3]
54,[3,2]
55,[3,1]
56,[3,2]
57,[3,3]
58,[3,4]
59,[3,5]
60,[3,6]
61,[3,7]
62,[3,8]
63,[3,9]
64,[4,9]
65,[5,9]
66,[6,9]
67,[7,9]
68,[8,9]
69,[9,9]
70,[8,9]
71,[7,9]
72,[6,9]
73,[5,9]
74,[4,9]
75,[3,9]
76,[3,10]
77,[3,11]
78,[3,10]
79,[3,9]
80,[3,8]
81,[3,7]
82,[4,7]
