//Quantitative values
51	//Makespan
51	//Mission completion time hauler 1
23	//Application execution time (in millisecond)
//Path to the final points
0,[3,4]
1,[3,5]
2,[3,6]
3,[3,7]
4,[3,8]
5,[3,9]
6,[4,9]
7,[5,9]
8,[6,9]
9,[7,9]
10,[8,9]
11,[9,9]
12,[10,9]
13,[10,8]
14,[10,7]
15,[10,6]
16,[10,5]
17,[10,4]
18,[10,5]
19,[10,6]
20,[10,7]
21,[10,8]
22,[10,9]
23,[11,9]
24,[10,9]
25,[10,8]
26,[10,7]
27,[10,6]
28,[10,5]
29,[10,4]
30,[10,5]
31,[10,6]
32,[10,7]
33,[10,8]
34,[10,9]
35,[11,9]
36,[10,9]
37,[10,8]
38,[10,7]
39,[10,6]
40,[10,5]
41,[10,4]
42,[10,5]
43,[10,6]
44,[10,7]
45,[10,8]
46,[10,9]
47,[10,8]
48,[10,7]
49,[10,6]
50,[10,5]
51,[10,4]
