//Quantitative values
139	//Makespan
139	//Mission completion time hauler 1
16	//Application execution time (in millisecond)
//Path to the final points
0,[5,4]
1,[6,4]
2,[7,4]
3,[8,4]
4,[9,4]
5,[10,4]
6,[11,4]
7,[10,4]
8,[9,4]
9,[8,4]
10,[7,4]
11,[6,4]
12,[6,5]
13,[6,6]
14,[6,7]
15,[6,8]
16,[6,9]
17,[6,10]
18,[6,11]
19,[6,12]
20,[6,11]
21,[6,10]
22,[6,9]
23,[6,8]
24,[6,7]
25,[6,6]
26,[6,5]
27,[7,5]
28,[8,5]
29,[9,5]
30,[10,5]
31,[11,5]
32,[10,5]
33,[9,5]
34,[8,5]
35,[7,5]
36,[6,5]
37,[5,5]
38,[4,5]
39,[3,5]
40,[3,4]
41,[3,3]
42,[3,2]
43,[3,1]
44,[3,2]
45,[3,3]
46,[3,4]
47,[4,4]
48,[5,4]
49,[6,4]
50,[7,4]
51,[8,4]
52,[9,4]
53,[10,4]
54,[11,4]
55,[10,4]
56,[9,4]
57,[8,4]
58,[7,4]
59,[6,4]
60,[5,4]
61,[4,4]
62,[3,4]
63,[2,4]
64,[2,5]
65,[2,6]
66,[2,7]
67,[2,8]
68,[2,9]
69,[2,8]
70,[2,7]
71,[2,6]
72,[2,5]
73,[3,5]
74,[4,5]
75,[5,5]
76,[6,5]
77,[7,5]
78,[8,5]
79,[9,5]
80,[10,5]
81,[11,5]
82,[10,5]
83,[9,5]
84,[8,5]
85,[7,5]
86,[6,5]
87,[6,6]
88,[6,7]
89,[6,8]
90,[6,9]
91,[6,10]
92,[6,11]
93,[6,12]
94,[6,11]
95,[6,10]
96,[6,9]
97,[6,8]
98,[6,7]
99,[6,6]
100,[6,5]
101,[7,5]
102,[8,5]
103,[9,5]
104,[10,5]
105,[11,5]
106,[10,5]
107,[9,5]
108,[8,5]
109,[7,5]
110,[6,5]
111,[5,5]
112,[4,5]
113,[3,5]
114,[3,4]
115,[3,3]
116,[3,2]
117,[3,1]
118,[3,2]
119,[3,3]
120,[3,4]
121,[3,5]
122,[3,6]
123,[4,6]
124,[5,6]
125,[6,6]
126,[7,6]
127,[8,6]
128,[7,6]
129,[6,6]
130,[5,6]
131,[4,6]
132,[3,6]
133,[2,6]
134,[1,6]
135,[1,5]
136,[1,4]
137,[1,3]
138,[1,2]
139,[1,1]
