//Quantitative values
89	//Makespan
89	//Mission completion time hauler 1
23	//Application execution time (in millisecond)
//Path to the final points
0,[1,4]
1,[1,5]
2,[1,6]
3,[1,7]
4,[1,8]
5,[2,8]
6,[2,7]
7,[2,6]
8,[2,5]
9,[2,4]
10,[2,3]
11,[2,2]
12,[2,1]
13,[3,1]
14,[4,1]
15,[5,1]
16,[6,1]
17,[5,1]
18,[4,1]
19,[3,1]
20,[3,2]
21,[3,3]
22,[3,4]
23,[3,5]
24,[3,6]
25,[3,7]
26,[3,8]
27,[3,9]
28,[3,10]
29,[3,11]
30,[3,12]
31,[4,12]
32,[5,12]
33,[6,12]
34,[7,12]
35,[8,12]
36,[8,11]
37,[8,10]
38,[8,9]
39,[8,8]
40,[7,8]
41,[6,8]
42,[5,8]
43,[4,8]
44,[4,7]
45,[4,6]
46,[4,5]
47,[4,4]
48,[4,3]
49,[4,2]
50,[4,3]
51,[4,4]
52,[4,5]
53,[4,6]
54,[4,7]
55,[4,8]
56,[5,8]
57,[6,8]
58,[7,8]
59,[8,8]
60,[8,9]
61,[8,10]
62,[8,11]
63,[8,12]
64,[7,12]
65,[6,12]
66,[5,12]
67,[4,12]
68,[3,12]
69,[3,11]
70,[3,10]
71,[3,9]
72,[3,8]
73,[3,7]
74,[3,6]
75,[3,5]
76,[3,4]
77,[3,3]
78,[3,2]
79,[4,2]
80,[4,3]
81,[4,4]
82,[4,5]
83,[4,6]
84,[4,7]
85,[4,8]
86,[5,8]
87,[6,8]
88,[7,8]
89,[8,8]
