//Quantitative values
65	//Makespan
65	//Mission completion time hauler 1
10	//Application execution time (in millisecond)
//Path to the final points
0,[8,3]
1,[8,4]
2,[8,5]
3,[8,6]
4,[8,7]
5,[9,7]
6,[10,7]
7,[11,7]
8,[11,6]
9,[11,5]
10,[12,5]
11,[11,5]
12,[11,6]
13,[11,7]
14,[10,7]
15,[9,7]
16,[8,7]
17,[7,7]
18,[6,7]
19,[5,7]
20,[4,7]
21,[3,7]
22,[2,7]
23,[1,7]
24,[1,8]
25,[1,9]
26,[1,10]
27,[1,9]
28,[1,8]
29,[1,7]
30,[2,7]
31,[3,7]
32,[4,7]
33,[5,7]
34,[6,7]
35,[7,7]
36,[8,7]
37,[9,7]
38,[10,7]
39,[11,7]
40,[10,7]
41,[9,7]
42,[8,7]
43,[8,6]
44,[8,5]
45,[8,4]
46,[7,4]
47,[7,5]
48,[7,6]
49,[7,7]
50,[7,8]
51,[7,9]
52,[7,10]
53,[7,9]
54,[7,8]
55,[7,7]
56,[7,6]
57,[7,5]
58,[8,5]
59,[9,5]
60,[10,5]
61,[11,5]
62,[12,5]
63,[11,5]
64,[11,6]
65,[11,7]
