//Quantitative values
68	//Makespan
68	//Mission completion time hauler 1
10	//Application execution time (in millisecond)
//Path to the final points
0,[7,5]
1,[6,5]
2,[5,5]
3,[5,4]
4,[5,5]
5,[5,6]
6,[5,7]
7,[5,8]
8,[5,9]
9,[5,10]
10,[6,10]
11,[7,10]
12,[8,10]
13,[9,10]
14,[10,10]
15,[11,10]
16,[10,10]
17,[9,10]
18,[8,10]
19,[7,10]
20,[7,9]
21,[8,9]
22,[9,9]
23,[10,9]
24,[11,9]
25,[10,9]
26,[9,9]
27,[8,9]
28,[7,9]
29,[6,9]
30,[5,9]
31,[6,9]
32,[7,9]
33,[8,9]
34,[9,9]
35,[10,9]
36,[11,9]
37,[10,9]
38,[9,9]
39,[8,9]
40,[7,9]
41,[6,9]
42,[5,9]
43,[5,8]
44,[5,7]
45,[5,6]
46,[5,5]
47,[5,4]
48,[5,5]
49,[5,6]
50,[5,7]
51,[5,8]
52,[5,9]
53,[5,10]
54,[6,10]
55,[7,10]
56,[8,10]
57,[9,10]
58,[10,10]
59,[11,10]
60,[10,10]
61,[9,10]
62,[8,10]
63,[7,10]
64,[7,9]
65,[6,9]
66,[5,9]
67,[4,9]
68,[4,8]
