//Quantitative values
50	//Makespan
50	//Mission completion time hauler 1
10	//Application execution time (in millisecond)
//Path to the final points
0,[5,4]
1,[4,4]
2,[3,4]
3,[3,5]
4,[3,6]
5,[3,7]
6,[3,8]
7,[3,9]
8,[3,8]
9,[3,7]
10,[3,6]
11,[4,6]
12,[5,6]
13,[4,6]
14,[3,6]
15,[3,7]
16,[3,8]
17,[3,9]
18,[3,8]
19,[3,7]
20,[3,6]
21,[3,5]
22,[3,4]
23,[4,4]
24,[5,4]
25,[6,4]
26,[7,4]
27,[6,4]
28,[5,4]
29,[5,5]
30,[5,6]
31,[4,6]
32,[3,6]
33,[3,7]
34,[3,8]
35,[3,9]
36,[3,8]
37,[3,7]
38,[3,6]
39,[4,6]
40,[5,6]
41,[6,6]
42,[7,6]
43,[8,6]
44,[9,6]
45,[10,6]
46,[9,6]
47,[8,6]
48,[7,6]
49,[6,6]
50,[5,6]
