//Quantitative values
119	//Makespan
119	//Mission completion time hauler 1
28	//Application execution time (in millisecond)
//Path to the final points
0,[2,8]
1,[2,9]
2,[2,10]
3,[2,11]
4,[2,12]
5,[3,12]
6,[4,12]
7,[5,12]
8,[6,12]
9,[7,12]
10,[8,12]
11,[9,12]
12,[10,12]
13,[9,12]
14,[9,11]
15,[9,10]
16,[8,10]
17,[7,10]
18,[7,9]
19,[7,8]
20,[7,9]
21,[7,10]
22,[8,10]
23,[9,10]
24,[9,11]
25,[9,12]
26,[10,12]
27,[9,12]
28,[8,12]
29,[7,12]
30,[6,12]
31,[5,12]
32,[4,12]
33,[3,12]
34,[2,12]
35,[1,12]
36,[1,11]
37,[1,10]
38,[1,9]
39,[1,8]
40,[1,7]
41,[1,6]
42,[1,5]
43,[1,4]
44,[1,3]
45,[1,2]
46,[1,1]
47,[1,2]
48,[1,3]
49,[1,4]
50,[1,5]
51,[1,6]
52,[1,7]
53,[1,8]
54,[1,9]
55,[1,10]
56,[1,11]
57,[1,12]
58,[2,12]
59,[3,12]
60,[4,12]
61,[5,12]
62,[6,12]
63,[7,12]
64,[8,12]
65,[9,12]
66,[10,12]
67,[9,12]
68,[8,12]
69,[7,12]
70,[6,12]
71,[5,12]
72,[4,12]
73,[3,12]
74,[2,12]
75,[1,12]
76,[1,11]
77,[1,10]
78,[1,9]
79,[1,8]
80,[1,7]
81,[1,6]
82,[1,5]
83,[1,4]
84,[1,3]
85,[1,2]
86,[1,1]
87,[1,2]
88,[1,3]
89,[1,4]
90,[1,5]
91,[1,6]
92,[1,7]
93,[2,7]
94,[3,7]
95,[4,7]
96,[5,7]
97,[5,6]
98,[5,5]
99,[5,4]
100,[6,4]
101,[7,4]
102,[7,5]
103,[7,6]
104,[7,7]
105,[7,8]
106,[7,9]
107,[7,10]
108,[8,10]
109,[9,10]
110,[9,11]
111,[9,12]
112,[10,12]
113,[10,11]
114,[10,10]
115,[10,9]
116,[11,9]
117,[12,9]
118,[12,8]
119,[12,7]
