//Quantitative values
72	//Makespan
72	//Mission completion time hauler 1
38	//Application execution time (in millisecond)
//Path to the final points
0,[3,10]
1,[2,10]
2,[3,10]
3,[4,10]
4,[5,10]
5,[5,11]
6,[6,11]
7,[5,11]
8,[5,10]
9,[4,10]
10,[3,10]
11,[2,10]
12,[3,10]
13,[4,10]
14,[5,10]
15,[5,11]
16,[6,11]
17,[5,11]
18,[5,10]
19,[4,10]
20,[3,10]
21,[3,9]
22,[3,8]
23,[3,9]
24,[3,10]
25,[4,10]
26,[5,10]
27,[5,11]
28,[6,11]
29,[5,11]
30,[5,10]
31,[4,10]
32,[3,10]
33,[3,9]
34,[3,8]
35,[4,8]
36,[5,8]
37,[6,8]
38,[7,8]
39,[8,8]
40,[9,8]
41,[9,9]
42,[10,9]
43,[11,9]
44,[10,9]
45,[9,9]
46,[9,8]
47,[8,8]
48,[7,8]
49,[6,8]
50,[5,8]
51,[4,8]
52,[3,8]
53,[3,7]
54,[3,6]
55,[3,5]
56,[3,4]
57,[4,4]
58,[5,4]
59,[6,4]
60,[5,4]
61,[4,4]
62,[3,4]
63,[3,5]
64,[3,6]
65,[3,7]
66,[3,8]
67,[3,9]
68,[3,10]
69,[4,10]
70,[5,10]
71,[5,11]
72,[6,11]
