//Quantitative values
99	//Makespan
99	//Mission completion time hauler 1
13	//Application execution time (in millisecond)
//Path to the final points
0,[7,1]
1,[6,1]
2,[5,1]
3,[4,1]
4,[3,1]
5,[2,1]
6,[1,1]
7,[1,2]
8,[1,3]
9,[1,4]
10,[1,5]
11,[1,6]
12,[1,7]
13,[1,6]
14,[2,6]
15,[3,6]
16,[4,6]
17,[5,6]
18,[6,6]
19,[5,6]
20,[4,6]
21,[3,6]
22,[3,7]
23,[3,8]
24,[3,9]
25,[3,8]
26,[3,7]
27,[3,6]
28,[4,6]
29,[5,6]
30,[6,6]
31,[7,6]
32,[8,6]
33,[9,6]
34,[8,6]
35,[7,6]
36,[6,6]
37,[5,6]
38,[4,6]
39,[3,6]
40,[2,6]
41,[1,6]
42,[1,7]
43,[1,6]
44,[2,6]
45,[3,6]
46,[4,6]
47,[5,6]
48,[6,6]
49,[7,6]
50,[8,6]
51,[9,6]
52,[8,6]
53,[7,6]
54,[6,6]
55,[5,6]
56,[4,6]
57,[3,6]
58,[3,7]
59,[3,8]
60,[3,9]
61,[3,8]
62,[3,7]
63,[3,6]
64,[4,6]
65,[5,6]
66,[6,6]
67,[7,6]
68,[8,6]
69,[9,6]
70,[8,6]
71,[7,6]
72,[6,6]
73,[5,6]
74,[5,5]
75,[5,4]
76,[5,5]
77,[5,6]
78,[6,6]
79,[7,6]
80,[8,6]
81,[9,6]
82,[8,6]
83,[7,6]
84,[6,6]
85,[5,6]
86,[4,6]
87,[3,6]
88,[3,7]
89,[3,8]
90,[3,9]
91,[3,8]
92,[3,7]
93,[3,6]
94,[4,6]
95,[5,6]
96,[6,6]
97,[7,6]
98,[8,6]
99,[9,6]
