//Quantitative values
126	//Makespan
126	//Mission completion time hauler 1
32	//Application execution time (in millisecond)
//Path to the final points
0,[1,12]
1,[1,11]
2,[1,10]
3,[1,9]
4,[1,8]
5,[1,7]
6,[1,6]
7,[1,5]
8,[1,4]
9,[1,3]
10,[1,2]
11,[2,2]
12,[3,2]
13,[4,2]
14,[5,2]
15,[6,2]
16,[6,3]
17,[6,4]
18,[6,5]
19,[5,5]
20,[5,6]
21,[5,7]
22,[5,8]
23,[5,9]
24,[5,10]
25,[5,11]
26,[5,10]
27,[5,9]
28,[5,8]
29,[5,7]
30,[5,6]
31,[5,5]
32,[6,5]
33,[6,4]
34,[6,3]
35,[6,2]
36,[6,1]
37,[7,1]
38,[8,1]
39,[8,2]
40,[9,2]
41,[10,2]
42,[10,3]
43,[10,4]
44,[11,4]
45,[11,5]
46,[11,4]
47,[10,4]
48,[10,3]
49,[10,2]
50,[9,2]
51,[8,2]
52,[8,3]
53,[7,3]
54,[6,3]
55,[5,3]
56,[6,3]
57,[6,4]
58,[6,5]
59,[6,6]
60,[7,6]
61,[8,6]
62,[8,7]
63,[9,7]
64,[9,8]
65,[9,9]
66,[10,9]
67,[9,9]
68,[9,8]
69,[9,7]
70,[8,7]
71,[8,6]
72,[8,5]
73,[8,4]
74,[8,3]
75,[8,2]
76,[8,1]
77,[8,2]
78,[9,2]
79,[10,2]
80,[10,3]
81,[10,4]
82,[11,4]
83,[11,5]
84,[11,4]
85,[10,4]
86,[10,3]
87,[10,2]
88,[9,2]
89,[8,2]
90,[8,1]
91,[7,1]
92,[6,1]
93,[6,2]
94,[6,3]
95,[6,4]
96,[6,5]
97,[5,5]
98,[5,6]
99,[5,7]
100,[5,8]
101,[5,9]
102,[5,10]
103,[5,11]
104,[5,10]
105,[5,9]
106,[5,8]
107,[5,7]
108,[5,6]
109,[5,5]
110,[6,5]
111,[6,4]
112,[6,3]
113,[6,2]
114,[6,1]
115,[7,1]
116,[8,1]
117,[8,2]
118,[8,3]
119,[8,4]
120,[8,5]
121,[8,6]
122,[8,7]
123,[9,7]
124,[9,8]
125,[9,9]
126,[10,9]
