//Quantitative values
86	//Makespan
86	//Mission completion time hauler 1
20	//Application execution time (in millisecond)
//Path to the final points
0,[11,4]
1,[10,4]
2,[9,4]
3,[8,4]
4,[8,5]
5,[8,6]
6,[8,7]
7,[7,7]
8,[7,8]
9,[7,9]
10,[7,10]
11,[7,9]
12,[7,8]
13,[7,7]
14,[8,7]
15,[9,7]
16,[8,7]
17,[7,7]
18,[8,7]
19,[9,7]
20,[8,7]
21,[7,7]
22,[7,8]
23,[7,9]
24,[7,10]
25,[7,11]
26,[6,11]
27,[6,12]
28,[6,11]
29,[7,11]
30,[7,10]
31,[7,9]
32,[7,8]
33,[7,7]
34,[8,7]
35,[9,7]
36,[10,7]
37,[11,7]
38,[12,7]
39,[11,7]
40,[10,7]
41,[9,7]
42,[8,7]
43,[7,7]
44,[7,8]
45,[7,9]
46,[7,10]
47,[7,11]
48,[6,11]
49,[6,12]
50,[6,11]
51,[7,11]
52,[7,10]
53,[7,9]
54,[7,8]
55,[7,7]
56,[8,7]
57,[9,7]
58,[8,7]
59,[7,7]
60,[6,7]
61,[5,7]
62,[4,7]
63,[3,7]
64,[2,7]
65,[1,7]
66,[1,6]
67,[1,5]
68,[1,4]
69,[1,3]
70,[1,2]
71,[1,3]
72,[1,4]
73,[1,5]
74,[1,6]
75,[1,7]
76,[2,7]
77,[3,7]
78,[4,7]
79,[5,7]
80,[6,7]
81,[7,7]
82,[8,7]
83,[9,7]
84,[10,7]
85,[11,7]
86,[12,7]
