//Quantitative values
59	//Makespan
59	//Mission completion time hauler 1
17	//Application execution time (in millisecond)
//Path to the final points
0,[2,5]
1,[2,4]
2,[3,4]
3,[4,4]
4,[5,4]
5,[6,4]
6,[7,4]
7,[8,4]
8,[9,4]
9,[10,4]
10,[9,4]
11,[8,4]
12,[7,4]
13,[6,4]
14,[6,5]
15,[5,5]
16,[4,5]
17,[3,5]
18,[3,6]
19,[3,7]
20,[3,6]
21,[3,5]
22,[3,4]
23,[2,4]
24,[2,3]
25,[2,4]
26,[3,4]
27,[2,4]
28,[2,3]
29,[2,4]
30,[2,5]
31,[2,6]
32,[2,7]
33,[2,8]
34,[2,9]
35,[2,10]
36,[2,11]
37,[2,12]
38,[3,12]
39,[4,12]
40,[5,12]
41,[6,12]
42,[7,12]
43,[8,12]
44,[9,12]
45,[10,12]
46,[11,12]
47,[10,12]
48,[9,12]
49,[8,12]
50,[7,12]
51,[6,12]
52,[5,12]
53,[4,12]
54,[3,12]
55,[3,11]
56,[3,10]
57,[3,9]
58,[3,8]
59,[3,7]
