//Quantitative values
71	//Makespan
71	//Mission completion time hauler 1
27	//Application execution time (in millisecond)
//Path to the final points
0,[4,12]
1,[3,12]
2,[3,11]
3,[3,10]
4,[3,9]
5,[3,8]
6,[3,7]
7,[3,6]
8,[4,6]
9,[4,5]
10,[4,4]
11,[4,3]
12,[4,2]
13,[5,2]
14,[5,3]
15,[6,3]
16,[6,4]
17,[6,5]
18,[6,6]
19,[7,6]
20,[8,6]
21,[9,6]
22,[8,6]
23,[8,5]
24,[8,6]
25,[9,6]
26,[8,6]
27,[8,5]
28,[8,6]
29,[9,6]
30,[9,7]
31,[9,8]
32,[9,9]
33,[9,10]
34,[9,11]
35,[9,10]
36,[9,9]
37,[9,8]
38,[9,7]
39,[9,6]
40,[9,7]
41,[9,8]
42,[9,9]
43,[9,10]
44,[9,11]
45,[8,11]
46,[7,11]
47,[7,10]
48,[7,9]
49,[6,9]
50,[5,9]
51,[5,8]
52,[5,7]
53,[5,6]
54,[4,6]
55,[3,6]
56,[3,7]
57,[3,8]
58,[3,9]
59,[3,10]
60,[3,11]
61,[3,10]
62,[3,9]
63,[3,8]
64,[3,7]
65,[3,6]
66,[4,6]
67,[5,6]
68,[6,6]
69,[7,6]
70,[8,6]
71,[9,6]
