//Quantitative values
111	//Makespan
111	//Mission completion time hauler 1
13	//Application execution time (in millisecond)
//Path to the final points
0,[7,2]
1,[6,2]
2,[5,2]
3,[4,2]
4,[3,2]
5,[2,2]
6,[1,2]
7,[1,3]
8,[1,4]
9,[1,5]
10,[1,6]
11,[1,7]
12,[1,8]
13,[1,9]
14,[1,10]
15,[1,11]
16,[2,11]
17,[3,11]
18,[4,11]
19,[5,11]
20,[4,11]
21,[3,11]
22,[2,11]
23,[1,11]
24,[1,10]
25,[1,9]
26,[2,9]
27,[3,9]
28,[4,9]
29,[5,9]
30,[6,9]
31,[7,9]
32,[7,8]
33,[7,7]
34,[7,6]
35,[7,5]
36,[7,4]
37,[7,3]
38,[8,3]
39,[7,3]
40,[6,3]
41,[5,3]
42,[5,4]
43,[5,5]
44,[5,6]
45,[5,7]
46,[5,8]
47,[5,9]
48,[5,10]
49,[5,11]
50,[4,11]
51,[3,11]
52,[2,11]
53,[1,11]
54,[1,10]
55,[1,9]
56,[1,8]
57,[1,7]
58,[1,6]
59,[1,5]
60,[1,4]
61,[1,5]
62,[1,6]
63,[1,7]
64,[1,8]
65,[1,9]
66,[2,9]
67,[3,9]
68,[4,9]
69,[5,9]
70,[6,9]
71,[7,9]
72,[7,8]
73,[7,7]
74,[7,6]
75,[7,5]
76,[7,4]
77,[7,3]
78,[8,3]
79,[7,3]
80,[6,3]
81,[5,3]
82,[5,4]
83,[5,5]
84,[5,6]
85,[5,7]
86,[5,8]
87,[5,9]
88,[5,10]
89,[5,11]
90,[4,11]
91,[3,11]
92,[2,11]
93,[1,11]
94,[1,10]
95,[1,9]
96,[1,8]
97,[1,7]
98,[1,6]
99,[1,5]
100,[1,4]
101,[1,5]
102,[1,6]
103,[1,7]
104,[1,8]
105,[1,9]
106,[2,9]
107,[3,9]
108,[4,9]
109,[5,9]
110,[6,9]
111,[7,9]
