//Quantitative values
79	//Makespan
79	//Mission completion time hauler 1
33	//Application execution time (in millisecond)
//Path to the final points
0,[3,8]
1,[4,8]
2,[5,8]
3,[5,7]
4,[5,6]
5,[6,6]
6,[5,6]
7,[5,7]
8,[5,8]
9,[4,8]
10,[4,9]
11,[4,10]
12,[4,11]
13,[3,11]
14,[3,12]
15,[3,11]
16,[4,11]
17,[4,10]
18,[5,10]
19,[6,10]
20,[7,10]
21,[8,10]
22,[9,10]
23,[10,10]
24,[9,10]
25,[8,10]
26,[7,10]
27,[6,10]
28,[6,9]
29,[6,8]
30,[6,7]
31,[6,6]
32,[6,7]
33,[6,8]
34,[6,9]
35,[6,10]
36,[7,10]
37,[8,10]
38,[9,10]
39,[10,10]
40,[9,10]
41,[8,10]
42,[7,10]
43,[6,10]
44,[5,10]
45,[5,9]
46,[5,8]
47,[6,8]
48,[7,8]
49,[8,8]
50,[9,8]
51,[9,7]
52,[10,7]
53,[11,7]
54,[10,7]
55,[9,7]
56,[9,8]
57,[9,9]
58,[8,9]
59,[7,9]
60,[6,9]
61,[5,9]
62,[4,9]
63,[4,10]
64,[4,11]
65,[3,11]
66,[3,12]
67,[3,11]
68,[4,11]
69,[4,10]
70,[5,10]
71,[5,9]
72,[5,8]
73,[6,8]
74,[7,8]
75,[8,8]
76,[9,8]
77,[9,7]
78,[10,7]
79,[11,7]
