//Quantitative values
110	//Makespan
110	//Mission completion time hauler 1
18	//Application execution time (in millisecond)
//Path to the final points
0,[1,3]
1,[1,4]
2,[2,4]
3,[3,4]
4,[4,4]
5,[5,4]
6,[6,4]
7,[7,4]
8,[8,4]
9,[9,4]
10,[8,4]
11,[7,4]
12,[7,5]
13,[7,6]
14,[7,7]
15,[7,8]
16,[7,9]
17,[7,10]
18,[7,11]
19,[8,11]
20,[9,11]
21,[10,11]
22,[11,11]
23,[10,11]
24,[9,11]
25,[8,11]
26,[7,11]
27,[6,11]
28,[5,11]
29,[4,11]
30,[3,11]
31,[2,11]
32,[2,10]
33,[2,9]
34,[2,8]
35,[2,7]
36,[2,6]
37,[2,5]
38,[2,4]
39,[2,3]
40,[2,2]
41,[2,1]
42,[2,2]
43,[2,3]
44,[2,4]
45,[2,5]
46,[2,6]
47,[2,7]
48,[2,8]
49,[2,9]
50,[2,10]
51,[2,11]
52,[3,11]
53,[4,11]
54,[5,11]
55,[6,11]
56,[7,11]
57,[8,11]
58,[9,11]
59,[10,11]
60,[11,11]
61,[11,10]
62,[11,9]
63,[11,8]
64,[11,7]
65,[11,6]
66,[12,6]
67,[11,6]
68,[10,6]
69,[9,6]
70,[9,5]
71,[9,4]
72,[9,5]
73,[9,6]
74,[10,6]
75,[11,6]
76,[12,6]
77,[11,6]
78,[10,6]
79,[9,6]
80,[9,5]
81,[9,4]
82,[8,4]
83,[7,4]
84,[7,5]
85,[7,6]
86,[7,7]
87,[7,8]
88,[6,8]
89,[5,8]
90,[4,8]
91,[3,8]
92,[3,7]
93,[3,6]
94,[3,5]
95,[3,4]
96,[3,3]
97,[3,2]
98,[3,3]
99,[3,4]
100,[3,5]
101,[3,6]
102,[4,6]
103,[5,6]
104,[6,6]
105,[7,6]
106,[8,6]
107,[9,6]
108,[10,6]
109,[11,6]
110,[12,6]
