//Quantitative values
92	//Makespan
92	//Mission completion time hauler 1
14	//Application execution time (in millisecond)
//Path to the final points
0,[7,9]
1,[7,10]
2,[7,11]
3,[7,10]
4,[7,9]
5,[7,8]
6,[7,7]
7,[7,6]
8,[7,5]
9,[7,4]
10,[7,3]
11,[8,3]
12,[8,4]
13,[8,5]
14,[8,6]
15,[9,6]
16,[8,6]
17,[7,6]
18,[6,6]
19,[5,6]
20,[4,6]
21,[3,6]
22,[3,7]
23,[3,8]
24,[3,9]
25,[3,10]
26,[3,11]
27,[3,10]
28,[4,10]
29,[5,10]
30,[6,10]
31,[7,10]
32,[7,9]
33,[7,8]
34,[7,7]
35,[7,6]
36,[7,5]
37,[7,4]
38,[7,3]
39,[8,3]
40,[7,3]
41,[7,4]
42,[7,5]
43,[7,6]
44,[7,7]
45,[7,8]
46,[7,9]
47,[7,10]
48,[7,11]
49,[7,10]
50,[7,9]
51,[7,8]
52,[7,7]
53,[7,6]
54,[7,5]
55,[7,4]
56,[7,3]
57,[8,3]
58,[7,3]
59,[7,4]
60,[7,5]
61,[7,6]
62,[7,7]
63,[7,8]
64,[7,9]
65,[7,10]
66,[7,9]
67,[7,8]
68,[7,7]
69,[7,6]
70,[7,5]
71,[7,4]
72,[7,3]
73,[8,3]
74,[7,3]
75,[7,4]
76,[7,5]
77,[7,6]
78,[7,7]
79,[7,8]
80,[7,9]
81,[7,10]
82,[7,9]
83,[7,8]
84,[7,7]
85,[7,6]
86,[7,5]
87,[7,4]
88,[7,3]
89,[7,2]
90,[7,1]
91,[8,1]
92,[9,1]
