//Quantitative values
41	//Makespan
41	//Mission completion time hauler 1
6	//Application execution time (in millisecond)
//Path to the final points
0,[8,3]
1,[7,3]
2,[7,4]
3,[7,5]
4,[7,6]
5,[7,7]
6,[7,8]
7,[7,9]
8,[7,10]
9,[7,9]
10,[7,8]
11,[7,7]
12,[7,6]
13,[7,5]
14,[8,5]
15,[9,5]
16,[10,5]
17,[11,5]
18,[12,5]
19,[11,5]
20,[11,6]
21,[11,7]
22,[11,6]
23,[11,5]
24,[12,5]
25,[11,5]
26,[10,5]
27,[9,5]
28,[8,5]
29,[7,5]
30,[7,6]
31,[7,7]
32,[7,8]
33,[7,9]
34,[7,10]
35,[7,9]
36,[7,8]
37,[7,7]
38,[7,6]
39,[7,5]
40,[7,4]
41,[8,4]
