//Quantitative values
126	//Makespan
126	//Mission completion time hauler 1
13	//Application execution time (in millisecond)
//Path to the final points
0,[10,12]
1,[9,12]
2,[8,12]
3,[7,12]
4,[6,12]
5,[5,12]
6,[4,12]
7,[3,12]
8,[3,11]
9,[3,10]
10,[3,9]
11,[3,8]
12,[3,7]
13,[3,6]
14,[3,5]
15,[3,4]
16,[3,3]
17,[3,2]
18,[3,1]
19,[3,2]
20,[3,3]
21,[3,4]
22,[3,5]
23,[3,6]
24,[3,7]
25,[3,8]
26,[3,9]
27,[4,9]
28,[5,9]
29,[6,9]
30,[7,9]
31,[8,9]
32,[9,9]
33,[8,9]
34,[7,9]
35,[6,9]
36,[5,9]
37,[4,9]
38,[3,9]
39,[3,8]
40,[3,7]
41,[3,6]
42,[3,5]
43,[3,4]
44,[3,3]
45,[3,2]
46,[3,1]
47,[3,2]
48,[3,3]
49,[3,4]
50,[3,5]
51,[3,6]
52,[3,7]
53,[3,8]
54,[3,9]
55,[3,10]
56,[3,11]
57,[3,12]
58,[4,12]
59,[5,12]
60,[6,12]
61,[7,12]
62,[8,12]
63,[9,12]
64,[10,12]
65,[11,12]
66,[12,12]
67,[11,12]
68,[10,12]
69,[9,12]
70,[8,12]
71,[7,12]
72,[6,12]
73,[5,12]
74,[4,12]
75,[3,12]
76,[2,12]
77,[1,12]
78,[1,11]
79,[1,10]
80,[1,9]
81,[1,8]
82,[1,7]
83,[2,7]
84,[3,7]
85,[4,7]
86,[5,7]
87,[6,7]
88,[7,7]
89,[7,8]
90,[7,9]
91,[8,9]
92,[9,9]
93,[8,9]
94,[7,9]
95,[6,9]
96,[5,9]
97,[4,9]
98,[3,9]
99,[3,8]
100,[3,7]
101,[3,6]
102,[3,5]
103,[3,4]
104,[3,3]
105,[3,2]
106,[3,1]
107,[3,2]
108,[3,3]
109,[3,4]
110,[3,5]
111,[3,6]
112,[3,7]
113,[3,8]
114,[3,9]
115,[3,10]
116,[3,11]
117,[3,12]
118,[4,12]
119,[5,12]
120,[6,12]
121,[7,12]
122,[8,12]
123,[9,12]
124,[10,12]
125,[11,12]
126,[12,12]
