//Quantitative values
65	//Makespan
65	//Mission completion time hauler 1
10	//Application execution time (in millisecond)
//Path to the final points
0,[6,4]
1,[6,3]
2,[7,3]
3,[7,4]
4,[7,5]
5,[7,6]
6,[7,7]
7,[7,8]
8,[7,9]
9,[7,10]
10,[7,11]
11,[7,12]
12,[8,12]
13,[9,12]
14,[10,12]
15,[11,12]
16,[10,12]
17,[9,12]
18,[8,12]
19,[8,11]
20,[8,10]
21,[8,9]
22,[8,8]
23,[8,7]
24,[7,7]
25,[6,7]
26,[5,7]
27,[5,8]
28,[5,9]
29,[6,9]
30,[7,9]
31,[8,9]
32,[8,10]
33,[8,11]
34,[8,12]
35,[9,12]
36,[10,12]
37,[11,12]
38,[10,12]
39,[9,12]
40,[8,12]
41,[8,11]
42,[8,10]
43,[8,9]
44,[8,8]
45,[8,7]
46,[8,6]
47,[8,5]
48,[8,4]
49,[8,3]
50,[9,3]
51,[10,3]
52,[11,3]
53,[12,3]
54,[11,3]
55,[10,3]
56,[9,3]
57,[8,3]
58,[8,4]
59,[8,5]
60,[8,6]
61,[8,7]
62,[7,7]
63,[6,7]
64,[5,7]
65,[5,8]
