//Quantitative values
110	//Makespan
110	//Mission completion time hauler 1
13	//Application execution time (in millisecond)
//Path to the final points
0,[7,4]
1,[6,4]
2,[5,4]
3,[4,4]
4,[3,4]
5,[2,4]
6,[2,5]
7,[2,6]
8,[2,7]
9,[2,8]
10,[2,9]
11,[2,10]
12,[2,11]
13,[1,11]
14,[1,10]
15,[1,9]
16,[1,8]
17,[1,7]
18,[1,6]
19,[1,5]
20,[1,4]
21,[1,3]
22,[1,4]
23,[1,5]
24,[1,6]
25,[1,7]
26,[1,8]
27,[1,9]
28,[2,9]
29,[3,9]
30,[4,9]
31,[5,9]
32,[6,9]
33,[7,9]
34,[8,9]
35,[9,9]
36,[8,9]
37,[7,9]
38,[6,9]
39,[5,9]
40,[4,9]
41,[3,9]
42,[2,9]
43,[1,9]
44,[1,8]
45,[1,7]
46,[1,6]
47,[1,5]
48,[1,4]
49,[1,3]
50,[1,4]
51,[1,5]
52,[2,5]
53,[3,5]
54,[4,5]
55,[5,5]
56,[6,5]
57,[7,5]
58,[6,5]
59,[5,5]
60,[4,5]
61,[3,5]
62,[2,5]
63,[1,5]
64,[1,4]
65,[1,3]
66,[1,2]
67,[1,1]
68,[2,1]
69,[2,2]
70,[2,3]
71,[2,4]
72,[2,5]
73,[2,6]
74,[2,7]
75,[2,8]
76,[2,9]
77,[2,10]
78,[2,11]
79,[2,12]
80,[3,12]
81,[4,12]
82,[5,12]
83,[6,12]
84,[7,12]
85,[8,12]
86,[9,12]
87,[10,12]
88,[11,12]
89,[12,12]
90,[11,12]
91,[10,12]
92,[9,12]
93,[8,12]
94,[7,12]
95,[7,11]
96,[7,10]
97,[7,9]
98,[7,8]
99,[7,7]
100,[7,6]
101,[7,5]
102,[6,5]
103,[5,5]
104,[4,5]
105,[3,5]
106,[2,5]
107,[1,5]
108,[1,4]
109,[1,3]
110,[1,2]
