//Quantitative values
95	//Makespan
95	//Mission completion time hauler 1
15	//Application execution time (in millisecond)
//Path to the final points
0,[5,2]
1,[5,1]
2,[6,1]
3,[7,1]
4,[8,1]
5,[8,2]
6,[8,3]
7,[8,4]
8,[8,5]
9,[8,6]
10,[8,7]
11,[8,8]
12,[8,9]
13,[8,10]
14,[8,11]
15,[9,11]
16,[10,11]
17,[11,11]
18,[11,10]
19,[11,9]
20,[11,8]
21,[11,7]
22,[11,6]
23,[11,5]
24,[11,4]
25,[11,3]
26,[11,2]
27,[10,2]
28,[9,2]
29,[8,2]
30,[7,2]
31,[6,2]
32,[5,2]
33,[5,3]
34,[5,4]
35,[5,5]
36,[5,4]
37,[5,3]
38,[5,2]
39,[6,2]
40,[7,2]
41,[8,2]
42,[9,2]
43,[10,2]
44,[11,2]
45,[10,2]
46,[9,2]
47,[8,2]
48,[7,2]
49,[6,2]
50,[5,2]
51,[5,3]
52,[5,4]
53,[5,5]
54,[5,4]
55,[5,3]
56,[5,2]
57,[5,1]
58,[6,1]
59,[7,1]
60,[8,1]
61,[8,2]
62,[8,3]
63,[8,4]
64,[8,5]
65,[8,6]
66,[8,7]
67,[8,8]
68,[8,9]
69,[8,10]
70,[8,11]
71,[9,11]
72,[10,11]
73,[11,11]
74,[10,11]
75,[9,11]
76,[8,11]
77,[7,11]
78,[6,11]
79,[5,11]
80,[4,11]
81,[3,11]
82,[3,12]
83,[3,11]
84,[3,10]
85,[3,9]
86,[3,8]
87,[3,7]
88,[3,6]
89,[3,5]
90,[3,4]
91,[3,3]
92,[4,3]
93,[5,3]
94,[6,3]
95,[7,3]
