//Quantitative values
108	//Makespan
108	//Mission completion time hauler 1
13	//Application execution time (in millisecond)
//Path to the final points
0,[8,10]
1,[7,10]
2,[6,10]
3,[5,10]
4,[4,10]
5,[4,9]
6,[4,8]
7,[4,7]
8,[4,8]
9,[4,9]
10,[4,10]
11,[4,11]
12,[4,12]
13,[5,12]
14,[6,12]
15,[7,12]
16,[8,12]
17,[9,12]
18,[8,12]
19,[7,12]
20,[6,12]
21,[5,12]
22,[4,12]
23,[3,12]
24,[2,12]
25,[2,11]
26,[2,10]
27,[2,9]
28,[2,8]
29,[2,7]
30,[2,6]
31,[2,5]
32,[2,4]
33,[2,3]
34,[2,4]
35,[2,5]
36,[2,6]
37,[2,7]
38,[2,8]
39,[2,9]
40,[2,10]
41,[2,11]
42,[2,12]
43,[3,12]
44,[4,12]
45,[5,12]
46,[6,12]
47,[7,12]
48,[8,12]
49,[9,12]
50,[8,12]
51,[7,12]
52,[6,12]
53,[5,12]
54,[4,12]
55,[3,12]
56,[2,12]
57,[2,11]
58,[2,10]
59,[2,9]
60,[2,10]
61,[2,11]
62,[2,12]
63,[3,12]
64,[4,12]
65,[5,12]
66,[6,12]
67,[7,12]
68,[8,12]
69,[9,12]
70,[8,12]
71,[7,12]
72,[6,12]
73,[6,11]
74,[6,10]
75,[6,9]
76,[6,8]
77,[6,7]
78,[6,6]
79,[6,5]
80,[6,4]
81,[6,3]
82,[6,2]
83,[5,2]
84,[4,2]
85,[3,2]
86,[2,2]
87,[2,3]
88,[2,4]
89,[2,5]
90,[2,6]
91,[2,7]
92,[2,8]
93,[2,7]
94,[2,6]
95,[2,5]
96,[2,4]
97,[2,3]
98,[2,4]
99,[2,5]
100,[2,6]
101,[2,7]
102,[2,8]
103,[2,9]
104,[3,9]
105,[4,9]
106,[5,9]
107,[6,9]
108,[7,9]
