//Quantitative values
72	//Makespan
72	//Mission completion time hauler 1
23	//Application execution time (in millisecond)
//Path to the final points
0,[3,3]
1,[2,3]
2,[1,3]
3,[1,4]
4,[1,5]
5,[1,6]
6,[1,7]
7,[1,8]
8,[1,9]
9,[1,10]
10,[1,11]
11,[1,10]
12,[1,9]
13,[1,8]
14,[1,7]
15,[2,7]
16,[3,7]
17,[4,7]
18,[5,7]
19,[5,6]
20,[5,5]
21,[5,4]
22,[6,4]
23,[7,4]
24,[7,5]
25,[7,6]
26,[7,7]
27,[7,6]
28,[7,5]
29,[7,6]
30,[7,7]
31,[7,8]
32,[7,9]
33,[7,8]
34,[7,7]
35,[7,6]
36,[7,5]
37,[7,4]
38,[6,4]
39,[5,4]
40,[5,5]
41,[5,6]
42,[5,7]
43,[4,7]
44,[3,7]
45,[2,7]
46,[2,6]
47,[2,5]
48,[2,4]
49,[2,5]
50,[2,6]
51,[2,7]
52,[2,8]
53,[2,9]
54,[3,9]
55,[2,9]
56,[1,9]
57,[1,10]
58,[1,11]
59,[1,12]
60,[2,12]
61,[3,12]
62,[4,12]
63,[5,12]
64,[6,12]
65,[7,12]
66,[8,12]
67,[9,12]
68,[9,11]
69,[9,10]
70,[8,10]
71,[7,10]
72,[7,9]
