//Quantitative values
78	//Makespan
78	//Mission completion time hauler 1
27	//Application execution time (in millisecond)
//Path to the final points
0,[7,5]
1,[7,4]
2,[6,4]
3,[5,4]
4,[5,5]
5,[5,6]
6,[5,7]
7,[5,8]
8,[5,9]
9,[4,9]
10,[4,8]
11,[4,7]
12,[5,7]
13,[5,6]
14,[5,5]
15,[5,4]
16,[5,5]
17,[5,6]
18,[5,7]
19,[4,7]
20,[3,7]
21,[2,7]
22,[1,7]
23,[1,6]
24,[1,5]
25,[1,6]
26,[1,7]
27,[1,8]
28,[1,9]
29,[2,9]
30,[3,9]
31,[4,9]
32,[5,9]
33,[4,9]
34,[3,9]
35,[3,10]
36,[3,11]
37,[3,12]
38,[4,12]
39,[5,12]
40,[6,12]
41,[7,12]
42,[8,12]
43,[9,12]
44,[9,11]
45,[9,10]
46,[10,10]
47,[11,10]
48,[10,10]
49,[9,10]
50,[9,11]
51,[9,12]
52,[8,12]
53,[7,12]
54,[6,12]
55,[5,12]
56,[4,12]
57,[3,12]
58,[3,11]
59,[3,10]
60,[3,9]
61,[4,9]
62,[5,9]
63,[5,8]
64,[5,7]
65,[5,6]
66,[5,5]
67,[5,4]
68,[6,4]
69,[7,4]
70,[7,5]
71,[8,5]
72,[8,6]
73,[8,7]
74,[8,8]
75,[8,9]
76,[9,9]
77,[10,9]
78,[11,9]
