//Quantitative values
51	//Makespan
51	//Mission completion time hauler 1
12	//Application execution time (in millisecond)
//Path to the final points
0,[5,4]
1,[4,4]
2,[3,4]
3,[3,5]
4,[3,6]
5,[3,7]
6,[3,8]
7,[3,9]
8,[3,8]
9,[3,7]
10,[3,6]
11,[3,5]
12,[3,6]
13,[4,6]
14,[5,6]
15,[6,6]
16,[7,6]
17,[8,6]
18,[9,6]
19,[10,6]
20,[9,6]
21,[8,6]
22,[7,6]
23,[6,6]
24,[5,6]
25,[4,6]
26,[3,6]
27,[3,7]
28,[3,8]
29,[3,9]
30,[3,10]
31,[3,11]
32,[3,10]
33,[3,9]
34,[3,8]
35,[3,7]
36,[3,6]
37,[4,6]
38,[5,6]
39,[6,6]
40,[7,6]
41,[8,6]
42,[9,6]
43,[10,6]
44,[9,6]
45,[8,6]
46,[7,6]
47,[6,6]
48,[5,6]
49,[4,6]
50,[3,6]
51,[3,5]
