//Quantitative values
60	//Makespan
54	//Mission completion time hauler 1
60	//Mission completion time hauler 2
45	//Mission completion time hauler 3
48	//Application execution time (in millisecond)
//Path to the final points
0,[4,8],[11,2],[1,12]
1,[5,8],[10,2],[1,11]
2,[5,7],[10,3],[1,10]
3,[5,6],[9,3],[1,9]
4,[5,5],[9,4],[1,8]
5,[4,5],[9,5],[2,8]
6,[3,5],[9,6],[3,8]
7,[2,5],[9,7],[4,8]
8,[2,6],[9,6],[5,8]
9,[2,7],[9,5],[5,7]
10,[2,8],[8,5],[6,7]
11,[2,9],[8,4],[7,7]
12,[2,10],[8,3],[6,7]
13,[3,10],[8,2],[5,7]
14,[3,11],[8,1],[5,6]
15,[3,12],[7,1],[5,5]
16,[4,12],[6,1],[4,5]
17,[5,12],[5,1],[3,5]
18,[6,12],[5,2],[2,5]
19,[7,12],[5,3],[2,6]
20,[8,12],[5,4],[2,7]
21,[9,12],[5,5],[2,6]
22,[10,12],[5,6],[3,6]
23,[9,12],[5,7],[4,6]
24,[8,12],[5,8],[5,6]
25,[7,12],[4,8],[5,7]
26,[6,12],[4,9],[6,7]
27,[5,12],[4,10],[7,7]
28,[4,12],[4,11],[8,7]
29,[3,12],[4,12],[7,7]
30,[3,11],[5,12],[6,7]
31,[3,10],[6,12],[5,7]
32,[2,10],[7,12],[5,8]
33,[2,9],[8,12],[4,8]
34,[2,8],[9,12],[4,9]
35,[2,7],[10,12],[4,10]
36,[2,6],[9,12],[4,11]
37,[2,5],[8,12],[4,12]
38,[2,4],[7,12],[4,11]
39,[2,3],[6,12],[4,10]
40,[2,2],[5,12],[4,9]
41,[2,1],[4,12],[4,8]
42,[3,1],[3,12],[5,8]
43,[4,1],[3,11],[5,7]
44,[5,1],[3,10],[5,6]
45,[6,1],[2,10],[5,5]
46,[7,1],[2,9],[5,5]
47,[8,1],[2,8],[5,5]
48,[8,2],[2,7],[5,5]
49,[8,3],[2,6],[5,5]
50,[8,4],[2,5],[5,5]
51,[8,5],[2,4],[5,5]
52,[9,5],[2,3],[5,5]
53,[9,6],[2,2],[5,5]
54,[9,7],[2,1],[5,5]
55,[9,7],[3,1],[5,5]
56,[9,7],[4,1],[5,5]
57,[9,7],[5,1],[5,5]
58,[9,7],[6,1],[5,5]
59,[9,7],[7,1],[5,5]
60,[9,7],[8,1],[5,5]
