//Quantitative values
52	//Makespan
52	//Mission completion time hauler 1
18	//Application execution time (in millisecond)
//Path to the final points
0,[7,3]
1,[6,3]
2,[5,3]
3,[4,3]
4,[3,3]
5,[2,3]
6,[1,3]
7,[1,4]
8,[1,5]
9,[1,6]
10,[1,7]
11,[2,7]
12,[2,8]
13,[2,9]
14,[2,10]
15,[2,11]
16,[3,11]
17,[3,12]
18,[4,12]
19,[5,12]
20,[6,12]
21,[7,12]
22,[8,12]
23,[7,12]
24,[6,12]
25,[5,12]
26,[4,12]
27,[3,12]
28,[3,11]
29,[2,11]
30,[2,10]
31,[2,9]
32,[2,8]
33,[2,7]
34,[1,7]
35,[2,7]
36,[2,8]
37,[2,9]
38,[2,10]
39,[2,11]
40,[3,11]
41,[3,12]
42,[4,12]
43,[5,12]
44,[5,11]
45,[4,11]
46,[4,10]
47,[4,9]
48,[4,8]
49,[4,7]
50,[4,6]
51,[4,5]
52,[4,4]
