//Quantitative values
63	//Makespan
50	//Mission completion time hauler 1
63	//Mission completion time hauler 2
61	//Mission completion time hauler 3
48	//Application execution time (in millisecond)
//Path to the final points
0,[5,3],[7,5],[8,10]
1,[5,4],[6,5],[7,10]
2,[6,4],[6,6],[7,9]
3,[6,5],[5,6],[7,8]
4,[6,6],[4,6],[7,7]
5,[6,7],[3,6],[7,6]
6,[6,8],[2,6],[7,5]
7,[6,9],[2,7],[7,4]
8,[6,10],[2,8],[7,3]
9,[7,10],[2,9],[8,3]
10,[6,10],[2,8],[8,2]
11,[5,10],[2,7],[8,1]
12,[5,11],[2,6],[9,1]
13,[5,12],[3,6],[10,1]
14,[6,12],[4,6],[11,1]
15,[7,12],[5,6],[11,2]
16,[8,12],[6,6],[11,3]
17,[9,12],[6,5],[11,4]
18,[10,12],[7,5],[11,5]
19,[11,12],[8,5],[11,6]
20,[11,11],[9,5],[11,7]
21,[11,10],[8,5],[11,8]
22,[11,10],[7,5],[11,9]
23,[11,9],[6,5],[11,10]
24,[11,8],[6,6],[11,11]
25,[11,7],[5,6],[11,12]
26,[11,6],[5,7],[11,11]
27,[11,5],[5,8],[11,10]
28,[11,4],[5,9],[11,9]
29,[11,3],[5,10],[11,8]
30,[11,2],[5,11],[11,7]
31,[11,1],[5,12],[11,6]
32,[12,1],[5,11],[11,5]
33,[11,1],[5,10],[11,4]
34,[10,1],[6,10],[11,3]
35,[9,1],[7,10],[11,2]
36,[8,1],[7,9],[11,1]
37,[8,2],[7,8],[12,1]
38,[8,3],[7,7],[11,1]
39,[7,3],[7,6],[11,2]
40,[7,4],[7,5],[11,3]
41,[7,5],[7,4],[11,4]
42,[7,6],[7,3],[11,5]
43,[6,6],[8,3],[11,6]
44,[5,6],[8,2],[11,7]
45,[5,7],[8,1],[11,8]
46,[5,8],[9,1],[11,9]
47,[5,9],[10,1],[11,10]
48,[5,10],[11,1],[11,11]
49,[5,11],[12,1],[11,12]
50,[5,12],[11,1],[11,11]
51,[5,12],[10,1],[11,10]
52,[5,12],[9,1],[11,9]
53,[5,12],[8,1],[11,8]
54,[5,12],[8,2],[11,7]
55,[5,12],[8,3],[11,6]
56,[5,12],[7,3],[11,5]
57,[5,12],[7,4],[11,4]
58,[5,12],[7,5],[11,3]
59,[5,12],[7,6],[11,2]
60,[5,12],[7,7],[11,1]
61,[5,12],[7,8],[12,1]
62,[5,12],[7,9],[12,1]
63,[5,12],[7,10],[12,1]
