//Quantitative values
108	//Makespan
93	//Mission completion time hauler 1
108	//Mission completion time hauler 2
73	//Application execution time (in millisecond)
//Path to the final points
0,[3,5],[2,5]
1,[4,5],[2,6]
2,[5,5],[2,7]
3,[6,5],[3,7]
4,[7,5],[3,8]
5,[8,5],[3,9]
6,[9,5],[3,10]
7,[10,5],[4,10]
8,[9,5],[5,10]
9,[8,5],[4,10]
10,[7,5],[3,10]
11,[6,5],[3,9]
12,[5,5],[3,8]
13,[4,5],[3,7]
14,[4,6],[2,7]
15,[3,6],[2,6]
16,[2,6],[2,5]
17,[2,5],[2,4]
18,[2,4],[2,3]
19,[2,3],[2,4]
20,[2,4],[2,5]
21,[2,5],[2,6]
22,[2,6],[2,7]
23,[2,7],[3,7]
24,[3,7],[3,8]
25,[3,8],[3,9]
26,[3,9],[3,10]
27,[3,10],[4,10]
28,[4,10],[5,10]
29,[5,10],[5,9]
30,[4,10],[5,8]
31,[3,10],[5,7]
32,[3,9],[5,6]
33,[3,8],[5,5]
34,[3,7],[6,5]
35,[2,7],[7,5]
36,[2,6],[8,5]
37,[2,5],[9,5]
38,[2,4],[10,5]
39,[2,3],[9,5]
40,[2,4],[8,5]
41,[2,5],[7,5]
42,[2,6],[6,5]
43,[3,6],[5,5]
44,[4,6],[5,6]
45,[4,5],[5,7]
46,[5,5],[5,8]
47,[6,5],[5,9]
48,[7,5],[5,10]
49,[8,5],[4,10]
50,[9,5],[3,10]
51,[10,5],[3,9]
52,[9,5],[3,8]
53,[8,5],[3,7]
54,[7,5],[2,7]
55,[6,5],[2,6]
56,[5,5],[2,5]
57,[4,5],[2,4]
58,[4,6],[2,3]
59,[3,6],[2,4]
60,[2,6],[2,5]
61,[2,5],[2,6]
62,[2,4],[2,7]
63,[2,3],[3,7]
64,[2,4],[3,8]
65,[2,5],[3,9]
66,[2,6],[3,10]
67,[2,7],[4,10]
68,[3,7],[5,10]
69,[3,8],[4,10]
70,[3,9],[3,10]
71,[3,10],[3,9]
72,[4,10],[3,8]
73,[5,10],[3,7]
74,[5,9],[2,7]
75,[5,8],[2,6]
76,[5,7],[2,5]
77,[5,6],[2,4]
78,[5,5],[2,3]
79,[6,5],[2,4]
80,[7,5],[2,5]
81,[8,5],[2,6]
82,[9,5],[3,6]
83,[10,5],[4,6]
84,[9,5],[3,6]
85,[8,5],[2,6]
86,[7,5],[2,5]
87,[6,5],[2,4]
88,[5,5],[2,3]
89,[5,6],[2,4]
90,[5,7],[2,5]
91,[5,8],[2,6]
92,[5,9],[2,7]
93,[5,10],[3,7]
94,[5,10],[3,8]
95,[5,10],[3,9]
96,[5,10],[3,10]
97,[5,10],[4,10]
98,[5,10],[5,10]
99,[5,10],[5,9]
100,[5,10],[5,8]
101,[5,10],[5,7]
102,[5,10],[5,6]
103,[5,10],[5,5]
104,[5,10],[6,5]
105,[5,10],[7,5]
106,[5,10],[8,5]
107,[5,10],[9,5]
108,[5,10],[10,5]
