//Quantitative values
73	//Makespan
70	//Mission completion time hauler 1
73	//Mission completion time hauler 2
67	//Application execution time (in millisecond)
//Path to the final points
0,[5,8],[6,7]
1,[5,8],[5,7]
2,[5,7],[5,6]
3,[5,6],[5,5]
4,[5,5],[5,4]
5,[5,4],[5,3]
6,[5,3],[5,2]
7,[5,2],[6,2]
8,[6,2],[5,2]
9,[5,2],[5,3]
10,[5,3],[5,4]
11,[5,4],[5,5]
12,[5,5],[5,6]
13,[5,6],[5,7]
14,[5,7],[5,6]
15,[5,6],[5,5]
16,[5,5],[5,4]
17,[5,4],[5,3]
18,[5,3],[5,2]
19,[5,2],[6,2]
20,[6,2],[5,2]
21,[5,2],[5,3]
22,[5,3],[5,4]
23,[5,4],[5,5]
24,[5,5],[5,6]
25,[5,6],[5,7]
26,[5,7],[5,6]
27,[5,6],[5,5]
28,[5,5],[5,4]
29,[5,4],[5,3]
30,[5,3],[5,2]
31,[5,2],[6,2]
32,[6,2],[6,3]
33,[6,3],[7,3]
34,[7,3],[7,4]
35,[7,4],[7,5]
36,[7,5],[7,6]
37,[7,6],[7,5]
38,[7,7],[7,4]
39,[7,8],[7,3]
40,[7,9],[6,3]
41,[7,10],[6,2]
42,[8,10],[5,2]
43,[8,11],[5,3]
44,[8,10],[5,4]
45,[7,10],[5,5]
46,[7,9],[5,6]
47,[7,8],[5,7]
48,[7,7],[5,8]
49,[7,6],[5,9]
50,[7,5],[5,10]
51,[7,4],[6,10]
52,[7,3],[7,10]
53,[6,3],[8,10]
54,[6,2],[8,11]
55,[6,3],[8,10]
56,[7,3],[7,10]
57,[7,4],[7,9]
58,[7,5],[7,8]
59,[7,6],[7,7]
60,[7,5],[7,6]
61,[7,4],[7,7]
62,[7,3],[7,8]
63,[6,3],[7,9]
64,[6,2],[7,10]
65,[5,2],[8,10]
66,[5,3],[8,11]
67,[5,4],[8,10]
68,[5,5],[7,10]
69,[5,6],[6,10]
70,[5,7],[5,10]
71,[5,7],[5,9]
72,[5,7],[5,8]
73,[5,7],[5,7]
