//Quantitative values
104	//Makespan
104	//Mission completion time hauler 1
36	//Application execution time (in millisecond)
//Path to the final points
0,[8,3]
1,[8,4]
2,[8,5]
3,[8,6]
4,[9,6]
5,[9,7]
6,[9,8]
7,[9,9]
8,[9,10]
9,[10,10]
10,[11,10]
11,[10,10]
12,[9,10]
13,[8,10]
14,[8,9]
15,[8,8]
16,[8,9]
17,[8,10]
18,[9,10]
19,[10,10]
20,[11,10]
21,[10,10]
22,[9,10]
23,[8,10]
24,[8,9]
25,[8,8]
26,[8,9]
27,[8,10]
28,[9,10]
29,[10,10]
30,[11,10]
31,[10,10]
32,[9,10]
33,[8,10]
34,[8,9]
35,[8,8]
36,[7,8]
37,[6,8]
38,[5,8]
39,[4,8]
40,[4,7]
41,[4,6]
42,[4,5]
43,[4,4]
44,[4,3]
45,[3,3]
46,[2,3]
47,[2,2]
48,[2,1]
49,[1,1]
50,[2,1]
51,[2,2]
52,[2,3]
53,[3,3]
54,[4,3]
55,[4,4]
56,[4,5]
57,[4,6]
58,[4,7]
59,[4,8]
60,[5,8]
61,[6,8]
62,[7,8]
63,[8,8]
64,[7,8]
65,[6,8]
66,[5,8]
67,[4,8]
68,[4,7]
69,[4,6]
70,[4,5]
71,[4,4]
72,[4,3]
73,[3,3]
74,[2,3]
75,[2,2]
76,[2,1]
77,[1,1]
78,[2,1]
79,[2,2]
80,[2,3]
81,[3,3]
82,[4,3]
83,[4,4]
84,[4,5]
85,[4,6]
86,[4,7]
87,[4,8]
88,[4,9]
89,[4,10]
90,[5,10]
91,[6,10]
92,[7,10]
93,[8,10]
94,[9,10]
95,[10,10]
96,[11,10]
97,[10,10]
98,[9,10]
99,[8,10]
100,[7,10]
101,[6,10]
102,[5,10]
103,[4,10]
104,[4,9]
