//Quantitative values
143	//Makespan
143	//Mission completion time hauler 1
50	//Application execution time (in millisecond)
//Path to the final points
0,[9,8]
1,[8,8]
2,[7,8]
3,[6,8]
4,[5,8]
5,[4,8]
6,[4,7]
7,[3,7]
8,[3,6]
9,[3,5]
10,[3,4]
11,[3,3]
12,[3,2]
13,[3,1]
14,[3,2]
15,[3,3]
16,[3,4]
17,[3,5]
18,[3,6]
19,[3,7]
20,[4,7]
21,[4,8]
22,[4,9]
23,[3,9]
24,[3,10]
25,[3,11]
26,[3,10]
27,[4,10]
28,[5,10]
29,[6,10]
30,[7,10]
31,[8,10]
32,[9,10]
33,[9,9]
34,[9,8]
35,[8,8]
36,[7,8]
37,[6,8]
38,[5,8]
39,[4,8]
40,[4,7]
41,[3,7]
42,[3,6]
43,[3,5]
44,[3,4]
45,[3,3]
46,[3,2]
47,[3,1]
48,[3,2]
49,[3,3]
50,[3,4]
51,[3,5]
52,[3,6]
53,[3,7]
54,[4,7]
55,[3,7]
56,[3,6]
57,[3,5]
58,[3,4]
59,[3,3]
60,[3,2]
61,[3,1]
62,[3,2]
63,[3,3]
64,[3,4]
65,[3,5]
66,[3,6]
67,[3,7]
68,[4,7]
69,[3,7]
70,[3,6]
71,[3,5]
72,[3,4]
73,[3,3]
74,[3,2]
75,[3,1]
76,[3,2]
77,[3,3]
78,[3,4]
79,[3,5]
80,[3,6]
81,[3,7]
82,[4,7]
83,[4,8]
84,[5,8]
85,[6,8]
86,[7,8]
87,[8,8]
88,[9,8]
89,[9,9]
90,[9,8]
91,[8,8]
92,[7,8]
93,[6,8]
94,[5,8]
95,[4,8]
96,[4,7]
97,[3,7]
98,[3,6]
99,[3,5]
100,[3,4]
101,[3,3]
102,[3,2]
103,[3,1]
104,[3,2]
105,[3,3]
106,[3,4]
107,[3,5]
108,[3,6]
109,[3,7]
110,[4,7]
111,[4,8]
112,[4,9]
113,[3,9]
114,[3,10]
115,[3,11]
116,[3,10]
117,[3,9]
118,[4,9]
119,[4,8]
120,[4,7]
121,[4,8]
122,[4,9]
123,[3,9]
124,[3,10]
125,[3,11]
126,[3,10]
127,[3,9]
128,[4,9]
129,[4,8]
130,[4,7]
131,[4,8]
132,[4,9]
133,[3,9]
134,[3,10]
135,[3,11]
136,[3,10]
137,[4,10]
138,[5,10]
139,[6,10]
140,[7,10]
141,[8,10]
142,[9,10]
143,[9,9]
