//Quantitative values
134	//Makespan
134	//Mission completion time hauler 1
25	//Application execution time (in millisecond)
//Path to the final points
0,[3,4]
1,[4,4]
2,[5,4]
3,[6,4]
4,[7,4]
5,[8,4]
6,[9,4]
7,[10,4]
8,[10,5]
9,[10,6]
10,[10,7]
11,[10,8]
12,[10,9]
13,[10,8]
14,[10,7]
15,[10,6]
16,[10,5]
17,[10,4]
18,[10,5]
19,[10,6]
20,[10,7]
21,[10,8]
22,[10,9]
23,[9,9]
24,[8,9]
25,[7,9]
26,[6,9]
27,[5,9]
28,[4,9]
29,[3,9]
30,[2,9]
31,[1,9]
32,[2,9]
33,[3,9]
34,[4,9]
35,[5,9]
36,[6,9]
37,[7,9]
38,[8,9]
39,[9,9]
40,[10,9]
41,[11,9]
42,[10,9]
43,[10,8]
44,[10,7]
45,[10,6]
46,[10,5]
47,[10,4]
48,[10,5]
49,[10,6]
50,[10,7]
51,[10,8]
52,[10,9]
53,[10,8]
54,[10,7]
55,[10,6]
56,[10,5]
57,[10,4]
58,[10,5]
59,[10,6]
60,[10,7]
61,[10,8]
62,[10,9]
63,[9,9]
64,[8,9]
65,[7,9]
66,[6,9]
67,[5,9]
68,[4,9]
69,[3,9]
70,[2,9]
71,[1,9]
72,[2,9]
73,[3,9]
74,[4,9]
75,[5,9]
76,[6,9]
77,[7,9]
78,[8,9]
79,[9,9]
80,[10,9]
81,[9,9]
82,[8,9]
83,[7,9]
84,[6,9]
85,[5,9]
86,[4,9]
87,[3,9]
88,[2,9]
89,[1,9]
90,[2,9]
91,[3,9]
92,[4,9]
93,[5,9]
94,[6,9]
95,[7,9]
96,[8,9]
97,[9,9]
98,[10,9]
99,[9,9]
100,[8,9]
101,[7,9]
102,[6,9]
103,[5,9]
104,[4,9]
105,[3,9]
106,[2,9]
107,[1,9]
108,[2,9]
109,[3,9]
110,[4,9]
111,[5,9]
112,[6,9]
113,[7,9]
114,[8,9]
115,[9,9]
116,[10,9]
117,[9,9]
118,[8,9]
119,[7,9]
120,[6,9]
121,[5,9]
122,[4,9]
123,[3,9]
124,[2,9]
125,[1,9]
126,[2,9]
127,[3,9]
128,[4,9]
129,[5,9]
130,[6,9]
131,[7,9]
132,[8,9]
133,[9,9]
134,[10,9]
