//Quantitative values
131	//Makespan
131	//Mission completion time hauler 1
49	//Application execution time (in millisecond)
//Path to the final points
0,[9,1]
1,[9,2]
2,[9,3]
3,[9,4]
4,[10,4]
5,[10,5]
6,[10,6]
7,[10,7]
8,[10,8]
9,[10,9]
10,[10,10]
11,[10,11]
12,[10,12]
13,[9,12]
14,[8,12]
15,[7,12]
16,[6,12]
17,[5,12]
18,[4,12]
19,[3,12]
20,[2,12]
21,[2,11]
22,[2,10]
23,[2,9]
24,[3,9]
25,[3,8]
26,[3,7]
27,[3,6]
28,[3,5]
29,[4,5]
30,[5,5]
31,[4,5]
32,[3,5]
33,[3,6]
34,[3,7]
35,[3,8]
36,[3,9]
37,[2,9]
38,[3,9]
39,[3,8]
40,[3,7]
41,[3,6]
42,[3,5]
43,[4,5]
44,[5,5]
45,[5,6]
46,[5,7]
47,[5,8]
48,[5,9]
49,[5,10]
50,[5,11]
51,[5,12]
52,[6,12]
53,[7,12]
54,[8,12]
55,[9,12]
56,[10,12]
57,[9,12]
58,[8,12]
59,[7,12]
60,[6,12]
61,[5,12]
62,[5,11]
63,[5,10]
64,[5,9]
65,[5,8]
66,[5,9]
67,[5,10]
68,[5,11]
69,[5,12]
70,[6,12]
71,[7,12]
72,[8,12]
73,[9,12]
74,[10,12]
75,[9,12]
76,[8,12]
77,[7,12]
78,[6,12]
79,[5,12]
80,[5,11]
81,[5,10]
82,[5,9]
83,[5,8]
84,[5,9]
85,[5,10]
86,[5,11]
87,[5,12]
88,[6,12]
89,[7,12]
90,[8,12]
91,[9,12]
92,[10,12]
93,[9,12]
94,[8,12]
95,[7,12]
96,[6,12]
97,[5,12]
98,[5,11]
99,[5,10]
100,[5,9]
101,[5,8]
102,[5,7]
103,[5,6]
104,[5,5]
105,[5,6]
106,[5,7]
107,[5,8]
108,[5,7]
109,[5,6]
110,[5,5]
111,[5,6]
112,[5,7]
113,[5,8]
114,[5,9]
115,[5,10]
116,[5,11]
117,[5,12]
118,[6,12]
119,[7,12]
120,[8,12]
121,[9,12]
122,[10,12]
123,[9,12]
124,[8,12]
125,[7,12]
126,[6,12]
127,[5,12]
128,[5,11]
129,[5,10]
130,[5,9]
131,[5,8]
