//Quantitative values
122	//Makespan
122	//Mission completion time hauler 1
25	//Application execution time (in millisecond)
//Path to the final points
0,[4,8]
1,[5,8]
2,[6,8]
3,[7,8]
4,[8,8]
5,[9,8]
6,[10,8]
7,[10,7]
8,[10,6]
9,[10,5]
10,[10,4]
11,[10,5]
12,[10,6]
13,[10,7]
14,[10,8]
15,[10,7]
16,[10,6]
17,[10,5]
18,[10,4]
19,[10,5]
20,[10,6]
21,[10,7]
22,[10,8]
23,[10,7]
24,[10,6]
25,[10,5]
26,[10,4]
27,[10,5]
28,[10,6]
29,[10,7]
30,[10,8]
31,[9,8]
32,[8,8]
33,[7,8]
34,[6,8]
35,[5,8]
36,[4,8]
37,[3,8]
38,[3,7]
39,[2,7]
40,[2,6]
41,[2,5]
42,[2,6]
43,[2,7]
44,[3,7]
45,[3,8]
46,[4,8]
47,[5,8]
48,[6,8]
49,[7,8]
50,[8,8]
51,[9,8]
52,[10,8]
53,[11,8]
54,[10,8]
55,[10,7]
56,[10,6]
57,[10,5]
58,[10,4]
59,[10,5]
60,[10,6]
61,[10,7]
62,[10,8]
63,[11,8]
64,[10,8]
65,[9,8]
66,[8,8]
67,[7,8]
68,[6,8]
69,[5,8]
70,[4,8]
71,[3,8]
72,[3,7]
73,[2,7]
74,[2,6]
75,[2,5]
76,[2,6]
77,[2,7]
78,[3,7]
79,[3,8]
80,[4,8]
81,[5,8]
82,[6,8]
83,[7,8]
84,[8,8]
85,[9,8]
86,[10,8]
87,[9,8]
88,[8,8]
89,[7,8]
90,[6,8]
91,[5,8]
92,[4,8]
93,[3,8]
94,[3,7]
95,[2,7]
96,[2,6]
97,[2,5]
98,[2,6]
99,[2,7]
100,[3,7]
101,[3,8]
102,[4,8]
103,[5,8]
104,[6,8]
105,[7,8]
106,[8,8]
107,[9,8]
108,[10,8]
109,[11,8]
110,[10,8]
111,[10,7]
112,[10,6]
113,[10,5]
114,[10,4]
115,[10,5]
116,[10,6]
117,[10,7]
118,[10,8]
119,[10,7]
120,[10,6]
121,[10,5]
122,[10,4]
