//Quantitative values
90	//Makespan
90	//Mission completion time hauler 1
9	//Application execution time (in millisecond)
//Path to the final points
0,[6,2]
1,[6,3]
2,[6,4]
3,[6,5]
4,[6,6]
5,[6,7]
6,[6,8]
7,[6,9]
8,[6,10]
9,[6,11]
10,[7,11]
11,[8,11]
12,[9,11]
13,[10,11]
14,[11,11]
15,[12,11]
16,[11,11]
17,[10,11]
18,[9,11]
19,[8,11]
20,[7,11]
21,[7,12]
22,[7,11]
23,[8,11]
24,[9,11]
25,[10,11]
26,[11,11]
27,[12,11]
28,[11,11]
29,[10,11]
30,[9,11]
31,[8,11]
32,[7,11]
33,[6,11]
34,[5,11]
35,[4,11]
36,[4,10]
37,[4,9]
38,[4,8]
39,[4,7]
40,[4,6]
41,[4,5]
42,[4,4]
43,[4,3]
44,[4,2]
45,[4,3]
46,[4,4]
47,[4,5]
48,[4,6]
49,[4,7]
50,[4,8]
51,[4,9]
52,[4,10]
53,[4,11]
54,[5,11]
55,[6,11]
56,[7,11]
57,[8,11]
58,[9,11]
59,[10,11]
60,[11,11]
61,[12,11]
62,[11,11]
63,[10,11]
64,[9,11]
65,[8,11]
66,[7,11]
67,[7,12]
68,[7,11]
69,[8,11]
70,[9,11]
71,[10,11]
72,[11,11]
73,[12,11]
74,[11,11]
75,[10,11]
76,[9,11]
77,[8,11]
78,[7,11]
79,[6,11]
80,[5,11]
81,[4,11]
82,[4,10]
83,[4,9]
84,[4,8]
85,[4,7]
86,[4,6]
87,[4,5]
88,[4,4]
89,[4,3]
90,[4,2]
