//Quantitative values
73	//Makespan
73	//Mission completion time hauler 1
7	//Application execution time (in millisecond)
//Path to the final points
0,[9,1]
1,[9,2]
2,[9,3]
3,[9,4]
4,[10,4]
5,[10,5]
6,[10,6]
7,[10,7]
8,[10,8]
9,[10,9]
10,[10,10]
11,[10,11]
12,[10,12]
13,[9,12]
14,[8,12]
15,[7,12]
16,[6,12]
17,[5,12]
18,[4,12]
19,[3,12]
20,[2,12]
21,[2,11]
22,[2,10]
23,[2,9]
24,[3,9]
25,[3,8]
26,[3,7]
27,[3,6]
28,[3,5]
29,[4,5]
30,[5,5]
31,[4,5]
32,[3,5]
33,[3,6]
34,[3,7]
35,[3,8]
36,[3,9]
37,[2,9]
38,[2,10]
39,[2,11]
40,[2,12]
41,[3,12]
42,[4,12]
43,[5,12]
44,[6,12]
45,[7,12]
46,[8,12]
47,[9,12]
48,[10,12]
49,[9,12]
50,[8,12]
51,[7,12]
52,[6,12]
53,[5,12]
54,[4,12]
55,[3,12]
56,[2,12]
57,[2,11]
58,[2,10]
59,[2,9]
60,[3,9]
61,[3,8]
62,[3,7]
63,[3,6]
64,[3,5]
65,[4,5]
66,[5,5]
67,[4,5]
68,[3,5]
69,[3,6]
70,[3,7]
71,[3,8]
72,[3,9]
73,[2,9]
