//Quantitative values
54	//Makespan
54	//Mission completion time hauler 1
17	//Application execution time (in millisecond)
//Path to the final points
0,[4,8]
1,[5,8]
2,[6,8]
3,[7,8]
4,[8,8]
5,[9,8]
6,[10,8]
7,[11,8]
8,[10,8]
9,[9,8]
10,[8,8]
11,[7,8]
12,[6,8]
13,[5,8]
14,[4,8]
15,[3,8]
16,[3,7]
17,[2,7]
18,[2,6]
19,[2,5]
20,[2,6]
21,[2,7]
22,[3,7]
23,[3,8]
24,[4,8]
25,[5,8]
26,[6,8]
27,[7,8]
28,[8,8]
29,[9,8]
30,[10,8]
31,[11,8]
32,[10,8]
33,[10,7]
34,[10,6]
35,[10,5]
36,[10,4]
37,[10,5]
38,[10,6]
39,[10,7]
40,[10,8]
41,[11,8]
42,[10,8]
43,[10,7]
44,[10,6]
45,[10,5]
46,[10,4]
47,[10,5]
48,[10,6]
49,[10,7]
50,[10,8]
51,[10,7]
52,[10,6]
53,[10,5]
54,[10,4]
