//Quantitative values
93	//Makespan
67	//Mission completion time hauler 1
93	//Mission completion time hauler 2
21	//Application execution time (in millisecond)
//Path to the final points
0,[6,4],[8,12]
1,[5,4],[7,12]
2,[4,4],[6,12]
3,[4,5],[5,12]
4,[4,6],[5,11]
5,[4,7],[5,10]
6,[4,8],[5,9]
7,[5,8],[5,8]
8,[5,9],[4,8]
9,[5,10],[4,7]
10,[5,11],[4,6]
11,[5,12],[4,5]
12,[5,11],[4,4]
13,[5,10],[4,5]
14,[5,9],[4,6]
15,[5,8],[4,7]
16,[4,8],[4,8]
17,[4,7],[5,8]
18,[4,6],[5,9]
19,[4,5],[5,10]
20,[4,4],[5,11]
21,[4,5],[5,12]
22,[4,6],[5,11]
23,[4,7],[5,10]
24,[4,8],[5,9]
25,[5,8],[5,8]
26,[5,9],[4,8]
27,[5,10],[4,7]
28,[5,11],[4,6]
29,[5,12],[4,5]
30,[5,11],[4,4]
31,[5,10],[4,5]
32,[5,9],[4,6]
33,[5,8],[4,7]
34,[4,8],[4,8]
35,[4,7],[5,8]
36,[4,6],[5,9]
37,[4,5],[6,9]
38,[4,4],[7,9]
39,[4,5],[8,9]
40,[4,6],[9,9]
41,[4,7],[10,9]
42,[4,8],[9,9]
43,[5,8],[8,9]
44,[5,9],[7,9]
45,[5,10],[6,9]
46,[5,11],[5,9]
47,[5,12],[5,8]
48,[5,11],[4,8]
49,[5,10],[4,7]
50,[5,9],[4,6]
51,[5,8],[4,5]
52,[6,8],[4,4]
53,[5,8],[4,5]
54,[5,9],[4,6]
55,[5,10],[4,7]
56,[5,11],[4,8]
57,[5,12],[5,8]
58,[5,11],[5,9]
59,[5,10],[6,9]
60,[5,9],[7,9]
61,[5,8],[8,9]
62,[6,8],[9,9]
63,[5,8],[10,9]
64,[5,9],[9,9]
65,[5,10],[8,9]
66,[5,11],[7,9]
67,[5,12],[6,9]
68,[5,12],[6,8]
69,[5,12],[5,8]
70,[5,12],[5,9]
71,[5,12],[5,10]
72,[5,12],[5,11]
73,[5,12],[5,12]
74,[5,12],[5,11]
75,[5,12],[5,10]
76,[5,12],[5,9]
77,[5,12],[5,8]
78,[5,12],[4,8]
79,[5,12],[4,7]
80,[5,12],[4,6]
81,[5,12],[4,5]
82,[5,12],[4,4]
83,[5,12],[4,5]
84,[5,12],[4,6]
85,[5,12],[4,7]
86,[5,12],[4,8]
87,[5,12],[5,8]
88,[5,12],[5,9]
89,[5,12],[6,9]
90,[5,12],[7,9]
91,[5,12],[8,9]
92,[5,12],[9,9]
93,[5,12],[10,9]
