//Quantitative values
81	//Makespan
81	//Mission completion time hauler 1
75	//Mission completion time hauler 2
54	//Application execution time (in millisecond)
//Path to the final points
0,[3,5],[2,5]
1,[3,6],[3,5]
2,[3,7],[4,5]
3,[3,8],[5,5]
4,[3,9],[6,5]
5,[3,10],[7,5]
6,[4,10],[8,5]
7,[5,10],[9,5]
8,[4,10],[10,5]
9,[3,10],[9,5]
10,[3,9],[8,5]
11,[3,8],[7,5]
12,[3,7],[6,5]
13,[2,7],[5,5]
14,[2,6],[5,6]
15,[2,5],[5,7]
16,[2,4],[5,8]
17,[2,3],[5,9]
18,[2,4],[5,10]
19,[2,5],[4,10]
20,[2,6],[3,10]
21,[3,6],[3,9]
22,[4,6],[3,8]
23,[4,5],[3,7]
24,[5,5],[2,7]
25,[6,5],[2,6]
26,[7,5],[2,5]
27,[8,5],[2,4]
28,[9,5],[2,3]
29,[10,5],[2,4]
30,[9,5],[2,5]
31,[8,5],[2,6]
32,[7,5],[3,6]
33,[6,5],[4,6]
34,[5,5],[3,6]
35,[4,5],[2,6]
36,[4,6],[2,5]
37,[3,6],[2,4]
38,[2,6],[2,3]
39,[2,5],[2,4]
40,[2,4],[2,5]
41,[2,3],[2,6]
42,[2,4],[3,6]
43,[2,5],[4,6]
44,[2,6],[4,5]
45,[2,7],[5,5]
46,[3,7],[6,5]
47,[3,8],[7,5]
48,[3,9],[8,5]
49,[3,10],[9,5]
50,[4,10],[10,5]
51,[5,10],[9,5]
52,[5,9],[8,5]
53,[5,8],[7,5]
54,[5,7],[6,5]
55,[5,6],[5,5]
56,[5,5],[5,6]
57,[6,5],[5,7]
58,[7,5],[5,8]
59,[8,5],[5,9]
60,[9,5],[5,10]
61,[10,5],[4,10]
62,[9,5],[3,10]
63,[8,5],[3,9]
64,[7,5],[3,8]
65,[6,5],[3,7]
66,[5,5],[2,7]
67,[5,6],[2,6]
68,[5,7],[2,5]
69,[5,8],[2,4]
70,[5,9],[2,3]
71,[5,10],[2,4]
72,[5,9],[2,5]
73,[5,8],[2,6]
74,[5,7],[3,6]
75,[5,6],[4,6]
76,[5,5],[4,6]
77,[6,5],[4,6]
78,[7,5],[4,6]
79,[8,5],[4,6]
80,[9,5],[4,6]
81,[10,5],[4,6]
