//Quantitative values
60	//Makespan
60	//Mission completion time hauler 1
56	//Mission completion time hauler 2
55	//Application execution time (in millisecond)
//Path to the final points
0,[5,8],[6,7]
1,[5,7],[6,7]
2,[5,6],[5,7]
3,[5,5],[5,6]
4,[5,4],[5,5]
5,[5,3],[5,4]
6,[5,2],[5,3]
7,[6,2],[5,2]
8,[5,2],[6,2]
9,[5,3],[6,3]
10,[5,4],[7,3]
11,[5,5],[7,4]
12,[5,6],[7,5]
13,[5,7],[7,6]
14,[5,6],[7,5]
15,[5,5],[7,4]
16,[5,4],[7,3]
17,[5,3],[6,3]
18,[5,2],[6,2]
19,[6,2],[6,3]
20,[6,3],[7,3]
21,[7,3],[7,4]
22,[7,4],[7,5]
23,[7,5],[7,6]
24,[7,6],[7,5]
25,[7,7],[7,4]
26,[7,8],[7,3]
27,[7,9],[6,3]
28,[7,10],[6,2]
29,[8,10],[5,2]
30,[8,11],[5,3]
31,[8,10],[5,4]
32,[7,10],[5,5]
33,[6,10],[5,6]
34,[5,10],[5,7]
35,[5,9],[5,6]
36,[5,8],[5,5]
37,[5,7],[5,4]
38,[5,6],[5,3]
39,[5,5],[5,2]
40,[5,4],[6,2]
41,[5,3],[6,3]
42,[5,2],[7,3]
43,[6,2],[7,4]
44,[6,3],[7,5]
45,[7,3],[7,6]
46,[7,4],[7,5]
47,[7,5],[7,4]
48,[7,6],[7,3]
49,[7,7],[6,3]
50,[7,8],[6,2]
51,[7,9],[5,2]
52,[7,10],[5,3]
53,[8,10],[5,4]
54,[8,11],[5,5]
55,[8,10],[5,6]
56,[7,10],[5,7]
57,[7,9],[5,7]
58,[7,8],[5,7]
59,[7,7],[5,7]
60,[7,6],[5,7]
