//Quantitative values
97	//Makespan
97	//Mission completion time hauler 1
21	//Application execution time (in millisecond)
//Path to the final points
0,[8,3]
1,[7,3]
2,[7,4]
3,[7,5]
4,[7,6]
5,[7,7]
6,[7,8]
7,[8,8]
8,[7,8]
9,[6,8]
10,[5,8]
11,[4,8]
12,[4,7]
13,[4,6]
14,[4,5]
15,[4,4]
16,[4,3]
17,[3,3]
18,[2,3]
19,[2,2]
20,[2,1]
21,[1,1]
22,[2,1]
23,[2,2]
24,[2,3]
25,[3,3]
26,[4,3]
27,[4,4]
28,[4,5]
29,[4,6]
30,[4,7]
31,[4,8]
32,[5,8]
33,[6,8]
34,[7,8]
35,[8,8]
36,[8,9]
37,[8,10]
38,[9,10]
39,[10,10]
40,[11,10]
41,[10,10]
42,[9,10]
43,[8,10]
44,[7,10]
45,[6,10]
46,[5,10]
47,[4,10]
48,[4,9]
49,[4,8]
50,[4,7]
51,[4,6]
52,[4,5]
53,[4,4]
54,[4,3]
55,[3,3]
56,[2,3]
57,[2,2]
58,[2,1]
59,[1,1]
60,[2,1]
61,[2,2]
62,[2,3]
63,[3,3]
64,[4,3]
65,[4,4]
66,[4,5]
67,[4,6]
68,[4,7]
69,[4,8]
70,[4,9]
71,[4,10]
72,[5,10]
73,[6,10]
74,[7,10]
75,[8,10]
76,[9,10]
77,[10,10]
78,[11,10]
79,[10,10]
80,[9,10]
81,[8,10]
82,[8,9]
83,[8,8]
84,[7,8]
85,[6,8]
86,[5,8]
87,[4,8]
88,[4,7]
89,[4,6]
90,[4,5]
91,[4,4]
92,[4,3]
93,[3,3]
94,[2,3]
95,[2,2]
96,[2,1]
97,[1,1]
