//Quantitative values
54	//Makespan
54	//Mission completion time hauler 1
15	//Application execution time (in millisecond)
//Path to the final points
0,[3,10]
1,[3,9]
2,[3,8]
3,[3,7]
4,[3,6]
5,[3,5]
6,[3,4]
7,[4,4]
8,[5,4]
9,[6,4]
10,[7,4]
11,[8,4]
12,[7,4]
13,[6,4]
14,[7,4]
15,[8,4]
16,[7,4]
17,[6,4]
18,[6,5]
19,[6,6]
20,[6,7]
21,[6,8]
22,[6,9]
23,[6,10]
24,[6,11]
25,[5,11]
26,[4,11]
27,[3,11]
28,[3,10]
29,[3,9]
30,[3,8]
31,[3,9]
32,[3,10]
33,[3,11]
34,[4,11]
35,[5,11]
36,[6,11]
37,[6,10]
38,[6,9]
39,[6,8]
40,[6,7]
41,[6,6]
42,[6,5]
43,[6,4]
44,[7,4]
45,[8,4]
46,[7,4]
47,[6,4]
48,[6,5]
49,[6,6]
50,[6,7]
51,[6,8]
52,[6,9]
53,[6,10]
54,[6,11]
