//Quantitative values
61	//Makespan
61	//Mission completion time hauler 1
8	//Application execution time (in millisecond)
//Path to the final points
0,[12,9]
1,[11,9]
2,[11,10]
3,[10,10]
4,[9,10]
5,[8,10]
6,[7,10]
7,[6,10]
8,[5,10]
9,[4,10]
10,[3,10]
11,[2,10]
12,[1,10]
13,[1,9]
14,[1,8]
15,[1,7]
16,[1,6]
17,[1,7]
18,[1,8]
19,[1,9]
20,[1,10]
21,[1,9]
22,[1,8]
23,[1,7]
24,[1,6]
25,[1,5]
26,[1,4]
27,[2,4]
28,[2,3]
29,[1,3]
30,[1,4]
31,[1,5]
32,[1,6]
33,[1,7]
34,[1,8]
35,[1,9]
36,[1,10]
37,[2,10]
38,[3,10]
39,[4,10]
40,[5,10]
41,[6,10]
42,[7,10]
43,[8,10]
44,[9,10]
45,[10,10]
46,[11,10]
47,[10,10]
48,[9,10]
49,[8,10]
50,[7,10]
51,[6,10]
52,[5,10]
53,[4,10]
54,[3,10]
55,[2,10]
56,[2,9]
57,[2,8]
58,[2,7]
59,[2,6]
60,[2,5]
61,[2,4]
