//Quantitative values
170	//Makespan
170	//Mission completion time hauler 1
153	//Mission completion time hauler 2
77	//Application execution time (in millisecond)
//Path to the final points
0,[8,10],[8,3]
1,[7,10],[7,3]
2,[7,9],[6,3]
3,[7,8],[5,3]
4,[7,7],[5,4]
5,[7,6],[5,5]
6,[7,5],[5,6]
7,[7,4],[5,7]
8,[6,4],[5,8]
9,[5,4],[5,9]
10,[4,4],[4,9]
11,[3,4],[3,9]
12,[2,4],[2,9]
13,[1,4],[1,9]
14,[1,3],[1,8]
15,[1,2],[1,7]
16,[1,1],[1,6]
17,[1,2],[1,5]
18,[1,3],[1,4]
19,[1,4],[1,3]
20,[1,5],[1,4]
21,[1,6],[1,5]
22,[1,7],[1,6]
23,[1,8],[1,7]
24,[1,9],[1,8]
25,[2,9],[1,9]
26,[3,9],[2,9]
27,[4,9],[3,9]
28,[5,9],[4,9]
29,[4,9],[5,9]
30,[3,9],[4,9]
31,[2,9],[3,9]
32,[1,9],[2,9]
33,[1,8],[1,9]
34,[1,7],[1,8]
35,[1,6],[1,7]
36,[1,5],[1,6]
37,[1,4],[1,5]
38,[1,3],[1,4]
39,[1,4],[1,3]
40,[2,4],[1,2]
41,[3,4],[1,1]
42,[4,4],[1,2]
43,[5,4],[1,3]
44,[6,4],[1,4]
45,[7,4],[1,5]
46,[7,5],[1,6]
47,[7,6],[1,7]
48,[7,7],[1,8]
49,[7,8],[1,9]
50,[8,8],[2,9]
51,[7,8],[3,9]
52,[7,7],[4,9]
53,[7,6],[5,9]
54,[7,5],[4,9]
55,[7,4],[3,9]
56,[6,4],[2,9]
57,[5,4],[1,9]
58,[4,4],[1,8]
59,[3,4],[1,7]
60,[2,4],[1,6]
61,[1,4],[1,5]
62,[1,3],[1,4]
63,[1,2],[1,3]
64,[1,1],[1,4]
65,[1,2],[2,4]
66,[1,3],[3,4]
67,[1,4],[4,4]
68,[2,4],[5,4]
69,[3,4],[6,4]
70,[4,4],[7,4]
71,[5,4],[7,5]
72,[6,4],[7,6]
73,[7,4],[7,7]
74,[7,5],[7,8]
75,[7,6],[8,8]
76,[7,7],[7,8]
77,[7,8],[7,7]
78,[7,9],[7,6]
79,[8,9],[7,5]
80,[9,9],[7,4]
81,[8,9],[6,4]
82,[7,9],[5,4]
83,[7,8],[4,4]
84,[7,7],[3,4]
85,[7,6],[2,4]
86,[7,5],[1,4]
87,[7,4],[1,3]
88,[6,4],[1,2]
89,[5,4],[1,1]
90,[4,4],[1,2]
91,[3,4],[1,3]
92,[2,4],[1,4]
93,[1,4],[1,5]
94,[1,3],[1,6]
95,[1,2],[1,7]
96,[1,1],[1,8]
97,[1,2],[1,9]
98,[1,3],[1,8]
99,[1,4],[1,7]
100,[1,5],[1,6]
101,[1,6],[1,5]
102,[1,7],[1,4]
103,[1,8],[1,3]
104,[1,9],[1,2]
105,[2,9],[1,1]
106,[3,9],[1,2]
107,[4,9],[1,3]
108,[5,9],[1,4]
109,[5,8],[1,5]
110,[5,7],[1,6]
111,[5,6],[1,7]
112,[5,5],[1,8]
113,[5,4],[1,9]
114,[6,4],[1,10]
115,[7,4],[1,11]
116,[7,5],[1,12]
117,[7,6],[2,12]
118,[7,7],[3,12]
119,[7,8],[4,12]
120,[7,9],[5,12]
121,[8,9],[6,12]
122,[9,9],[7,12]
123,[10,9],[8,12]
124,[11,9],[9,12]
125,[10,9],[9,11]
126,[9,9],[9,10]
127,[8,9],[9,9]
128,[7,9],[10,9]
129,[7,8],[11,9]
130,[7,7],[10,9]
131,[7,6],[9,9]
132,[7,5],[9,10]
133,[7,4],[9,11]
134,[6,4],[9,12]
135,[5,4],[8,12]
136,[4,4],[7,12]
137,[3,4],[6,12]
138,[2,4],[5,12]
139,[1,4],[4,12]
140,[1,3],[3,12]
141,[1,4],[2,12]
142,[2,4],[1,12]
143,[3,4],[1,11]
144,[4,4],[1,10]
145,[5,4],[1,9]
146,[6,4],[1,8]
147,[7,4],[1,7]
148,[7,5],[1,6]
149,[7,6],[1,5]
150,[7,7],[1,4]
151,[7,8],[1,3]
152,[8,8],[1,2]
153,[7,8],[1,1]
154,[7,7],[1,1]
155,[7,6],[1,1]
156,[7,5],[1,1]
157,[7,4],[1,1]
158,[6,4],[1,1]
159,[5,4],[1,1]
160,[4,4],[1,1]
161,[3,4],[1,1]
162,[2,4],[1,1]
163,[1,4],[1,1]
164,[1,3],[1,1]
165,[1,4],[1,1]
166,[1,5],[1,1]
167,[1,6],[1,1]
168,[1,7],[1,1]
169,[1,8],[1,1]
170,[1,9],[1,1]
