//Quantitative values
100	//Makespan
100	//Mission completion time hauler 1
41	//Application execution time (in millisecond)
//Path to the final points
0,[10,9]
1,[10,8]
2,[10,7]
3,[10,6]
4,[10,5]
5,[10,4]
6,[10,3]
7,[10,2]
8,[10,1]
9,[11,1]
10,[11,2]
11,[11,3]
12,[11,4]
13,[11,5]
14,[11,6]
15,[11,7]
16,[11,8]
17,[11,9]
18,[11,10]
19,[11,11]
20,[10,11]
21,[9,11]
22,[9,10]
23,[8,10]
24,[8,9]
25,[8,8]
26,[8,7]
27,[8,6]
28,[8,7]
29,[8,8]
30,[8,9]
31,[8,10]
32,[9,10]
33,[9,11]
34,[9,12]
35,[8,12]
36,[7,12]
37,[6,12]
38,[5,12]
39,[6,12]
40,[7,12]
41,[8,12]
42,[9,12]
43,[9,11]
44,[10,11]
45,[11,11]
46,[10,11]
47,[9,11]
48,[9,10]
49,[8,10]
50,[8,9]
51,[8,10]
52,[9,10]
53,[9,11]
54,[10,11]
55,[11,11]
56,[10,11]
57,[9,11]
58,[9,10]
59,[8,10]
60,[7,10]
61,[7,9]
62,[7,8]
63,[7,7]
64,[7,6]
65,[7,5]
66,[7,4]
67,[6,4]
68,[5,4]
69,[4,4]
70,[3,4]
71,[3,5]
72,[3,4]
73,[3,3]
74,[4,3]
75,[5,3]
76,[6,3]
77,[7,3]
78,[8,3]
79,[8,4]
80,[8,5]
81,[8,6]
82,[8,7]
83,[8,8]
84,[8,9]
85,[8,8]
86,[8,7]
87,[8,6]
88,[8,5]
89,[8,4]
90,[8,3]
91,[8,2]
92,[8,1]
93,[9,1]
94,[10,1]
95,[11,1]
96,[10,1]
97,[9,1]
98,[8,1]
99,[8,2]
100,[8,3]
