//Quantitative values
123	//Makespan
123	//Mission completion time hauler 1
97	//Mission completion time hauler 2
79	//Application execution time (in millisecond)
//Path to the final points
0,[2,8],[6,1]
1,[2,9],[6,2]
2,[2,10],[7,2]
3,[2,11],[8,2]
4,[2,12],[9,2]
5,[3,12],[10,2]
6,[4,12],[11,2]
7,[5,12],[12,2]
8,[6,12],[11,2]
9,[7,12],[10,2]
10,[8,12],[9,2]
11,[9,12],[8,2]
12,[9,11],[7,2]
13,[9,10],[7,3]
14,[10,10],[7,4]
15,[11,10],[7,5]
16,[11,9],[7,6]
17,[11,8],[7,7]
18,[11,7],[7,8]
19,[11,6],[7,9]
20,[11,5],[7,10]
21,[11,4],[8,10]
22,[12,4],[9,10]
23,[11,4],[10,10]
24,[10,4],[11,10]
25,[9,4],[10,10]
26,[8,4],[9,10]
27,[7,4],[8,10]
28,[6,4],[7,10]
29,[6,3],[7,9]
30,[6,2],[7,8]
31,[6,3],[7,7]
32,[6,4],[7,6]
33,[7,4],[7,5]
34,[7,5],[7,4]
35,[7,6],[6,4]
36,[7,7],[6,3]
37,[7,8],[6,2]
38,[7,9],[5,2]
39,[7,10],[6,2]
40,[7,9],[6,3]
41,[7,8],[6,4]
42,[7,7],[7,4]
43,[7,6],[8,4]
44,[7,5],[9,4]
45,[7,4],[10,4]
46,[6,4],[11,4]
47,[6,3],[12,4]
48,[6,2],[11,4]
49,[6,3],[10,4]
50,[6,4],[9,4]
51,[7,4],[8,4]
52,[7,5],[7,4]
53,[7,6],[6,4]
54,[7,7],[6,3]
55,[7,8],[6,2]
56,[7,9],[6,3]
57,[7,10],[6,4]
58,[8,10],[7,4]
59,[9,10],[7,5]
60,[10,10],[7,6]
61,[11,10],[7,7]
62,[10,10],[7,8]
63,[9,10],[7,9]
64,[8,10],[7,10]
65,[7,10],[7,9]
66,[7,9],[7,8]
67,[7,8],[7,7]
68,[7,7],[7,6]
69,[7,6],[7,5]
70,[7,5],[7,4]
71,[7,4],[6,4]
72,[6,4],[6,3]
73,[5,4],[6,2]
74,[5,3],[6,3]
75,[5,2],[6,4]
76,[5,3],[7,4]
77,[5,4],[7,5]
78,[6,4],[7,6]
79,[7,4],[7,7]
80,[8,4],[7,8]
81,[9,4],[7,9]
82,[10,4],[7,10]
83,[11,4],[7,9]
84,[12,4],[7,8]
85,[11,4],[7,7]
86,[10,4],[7,6]
87,[9,4],[7,5]
88,[8,4],[7,4]
89,[7,4],[7,3]
90,[6,4],[7,2]
91,[7,4],[8,2]
92,[7,5],[9,2]
93,[7,6],[10,2]
94,[7,7],[11,2]
95,[7,8],[12,2]
96,[7,9],[12,3]
97,[7,10],[12,4]
98,[7,9],[12,4]
99,[7,8],[12,4]
100,[7,7],[12,4]
101,[7,6],[12,4]
102,[7,5],[12,4]
103,[7,4],[12,4]
104,[7,3],[12,4]
105,[7,2],[12,4]
106,[8,2],[12,4]
107,[9,2],[12,4]
108,[10,2],[12,4]
109,[11,2],[12,4]
110,[12,2],[12,4]
111,[11,2],[12,4]
112,[10,2],[12,4]
113,[9,2],[12,4]
114,[8,2],[12,4]
115,[7,2],[12,4]
116,[7,3],[12,4]
117,[7,4],[12,4]
118,[7,5],[12,4]
119,[7,6],[12,4]
120,[7,7],[12,4]
121,[7,8],[12,4]
122,[7,9],[12,4]
123,[7,10],[12,4]
