//Quantitative values
193	//Makespan
168	//Mission completion time hauler 1
193	//Mission completion time hauler 2
26	//Application execution time (in millisecond)
//Path to the final points
0,[2,4],[1,5]
1,[3,4],[1,6]
2,[4,4],[1,7]
3,[5,4],[1,8]
4,[6,4],[1,9]
5,[7,4],[1,10]
6,[7,5],[2,10]
7,[8,5],[3,10]
8,[9,5],[4,10]
9,[10,5],[4,9]
10,[11,5],[4,8]
11,[12,5],[4,7]
12,[11,5],[4,6]
13,[10,5],[4,5]
14,[9,5],[4,4]
15,[8,5],[5,4]
16,[7,5],[6,4]
17,[7,4],[7,4]
18,[6,4],[7,5]
19,[5,4],[7,6]
20,[4,4],[7,7]
21,[3,4],[8,7]
22,[3,5],[9,7]
23,[3,6],[10,7]
24,[3,7],[11,7]
25,[3,6],[12,7]
26,[3,5],[11,7]
27,[3,4],[10,7]
28,[4,4],[9,7]
29,[5,4],[9,8]
30,[6,4],[9,9]
31,[7,4],[9,10]
32,[7,5],[9,11]
33,[8,5],[9,12]
34,[9,5],[8,12]
35,[10,5],[7,12]
36,[11,5],[6,12]
37,[12,5],[5,12]
38,[11,5],[4,12]
39,[10,5],[3,12]
40,[9,5],[3,11]
41,[8,5],[3,10]
42,[7,5],[4,10]
43,[7,4],[4,9]
44,[6,4],[4,8]
45,[5,4],[4,7]
46,[4,4],[4,6]
47,[3,4],[4,5]
48,[2,4],[4,4]
49,[1,4],[5,4]
50,[1,5],[6,4]
51,[1,6],[7,4]
52,[1,7],[7,5]
53,[1,8],[8,5]
54,[1,9],[9,5]
55,[1,10],[10,5]
56,[1,11],[11,5]
57,[1,12],[12,5]
58,[2,12],[11,5]
59,[3,12],[10,5]
60,[4,12],[9,5]
61,[5,12],[8,5]
62,[6,12],[7,5]
63,[7,12],[7,4]
64,[6,12],[6,4]
65,[5,12],[5,4]
66,[4,12],[4,4]
67,[3,12],[3,4]
68,[3,11],[3,5]
69,[3,10],[3,6]
70,[3,9],[3,7]
71,[3,8],[3,6]
72,[3,7],[3,5]
73,[3,8],[3,4]
74,[3,9],[4,4]
75,[3,10],[5,4]
76,[3,11],[6,4]
77,[3,12],[7,4]
78,[4,12],[7,5]
79,[5,12],[8,5]
80,[6,12],[9,5]
81,[7,12],[10,5]
82,[6,12],[11,5]
83,[5,12],[12,5]
84,[4,12],[11,5]
85,[3,12],[10,5]
86,[2,12],[9,5]
87,[1,12],[8,5]
88,[1,11],[7,5]
89,[1,10],[7,4]
90,[1,9],[6,4]
91,[1,8],[5,4]
92,[1,7],[4,4]
93,[1,6],[3,4]
94,[1,5],[2,4]
95,[1,4],[1,4]
96,[2,4],[1,5]
97,[3,4],[1,6]
98,[4,4],[1,5]
99,[5,4],[1,4]
100,[6,4],[2,4]
101,[7,4],[3,4]
102,[7,5],[4,4]
103,[7,6],[5,4]
104,[7,7],[6,4]
105,[8,7],[7,4]
106,[9,7],[7,5]
107,[10,7],[7,6]
108,[11,7],[7,7]
109,[12,7],[8,7]
110,[11,7],[9,7]
111,[10,7],[10,7]
112,[9,7],[11,7]
113,[8,7],[12,7]
114,[7,7],[11,7]
115,[7,6],[10,7]
116,[7,5],[9,7]
117,[7,4],[8,7]
118,[6,4],[7,7]
119,[5,4],[7,6]
120,[4,4],[7,5]
121,[3,4],[7,4]
122,[3,5],[6,4]
123,[3,6],[5,4]
124,[3,7],[4,4]
125,[3,6],[3,4]
126,[3,5],[3,5]
127,[3,4],[3,6]
128,[4,4],[3,7]
129,[5,4],[3,6]
130,[6,4],[3,5]
131,[7,4],[3,4]
132,[7,5],[4,4]
133,[8,5],[5,4]
134,[9,5],[6,4]
135,[10,5],[7,4]
136,[11,5],[7,5]
137,[12,5],[7,6]
138,[11,5],[7,7]
139,[10,5],[8,7]
140,[9,5],[9,7]
141,[8,5],[10,7]
142,[7,5],[11,7]
143,[7,4],[12,7]
144,[6,4],[11,7]
145,[5,4],[10,7]
146,[4,4],[9,7]
147,[3,4],[8,7]
148,[3,5],[7,7]
149,[3,6],[7,6]
150,[3,7],[7,5]
151,[3,8],[7,4]
152,[3,9],[6,4]
153,[3,10],[5,4]
154,[3,11],[4,4]
155,[3,12],[3,4]
156,[4,12],[2,4]
157,[5,12],[1,4]
158,[6,12],[1,5]
159,[7,12],[1,6]
160,[6,12],[1,7]
161,[5,12],[1,8]
162,[4,12],[1,9]
163,[3,12],[1,10]
164,[3,11],[1,11]
165,[3,10],[1,12]
166,[3,9],[2,12]
167,[3,8],[3,12]
168,[3,7],[4,12]
169,[3,7],[5,12]
170,[3,7],[6,12]
171,[3,7],[7,12]
172,[3,7],[6,12]
173,[3,7],[5,12]
174,[3,7],[4,12]
175,[3,7],[3,12]
176,[3,7],[3,11]
177,[3,7],[3,10]
178,[3,7],[4,10]
179,[3,7],[4,9]
180,[3,7],[4,8]
181,[3,7],[4,7]
182,[3,7],[4,6]
183,[3,7],[4,5]
184,[3,7],[4,4]
185,[3,7],[5,4]
186,[3,7],[6,4]
187,[3,7],[7,4]
188,[3,7],[7,5]
189,[3,7],[8,5]
190,[3,7],[9,5]
191,[3,7],[10,5]
192,[3,7],[11,5]
193,[3,7],[12,5]
