//Quantitative values
189	//Makespan
189	//Mission completion time hauler 1
38	//Application execution time (in millisecond)
//Path to the final points
0,[5,12]
1,[6,12]
2,[7,12]
3,[8,12]
4,[9,12]
5,[9,11]
6,[9,10]
7,[9,9]
8,[9,8]
9,[9,7]
10,[9,6]
11,[10,6]
12,[9,6]
13,[9,7]
14,[9,8]
15,[9,9]
16,[9,10]
17,[9,11]
18,[9,12]
19,[8,12]
20,[7,12]
21,[6,12]
22,[5,12]
23,[4,12]
24,[3,12]
25,[2,12]
26,[1,12]
27,[1,11]
28,[1,12]
29,[2,12]
30,[3,12]
31,[4,12]
32,[5,12]
33,[6,12]
34,[7,12]
35,[8,12]
36,[9,12]
37,[9,11]
38,[9,10]
39,[9,9]
40,[9,8]
41,[9,7]
42,[9,6]
43,[10,6]
44,[9,6]
45,[8,6]
46,[7,6]
47,[7,5]
48,[7,4]
49,[6,4]
50,[5,4]
51,[4,4]
52,[3,4]
53,[3,5]
54,[3,6]
55,[3,7]
56,[3,6]
57,[3,5]
58,[3,4]
59,[4,4]
60,[5,4]
61,[6,4]
62,[7,4]
63,[7,5]
64,[7,6]
65,[7,7]
66,[7,8]
67,[7,9]
68,[7,10]
69,[8,10]
70,[7,10]
71,[7,9]
72,[7,8]
73,[7,7]
74,[7,6]
75,[7,5]
76,[7,4]
77,[6,4]
78,[5,4]
79,[4,4]
80,[3,4]
81,[2,4]
82,[2,5]
83,[2,6]
84,[2,7]
85,[2,6]
86,[2,5]
87,[2,4]
88,[3,4]
89,[4,4]
90,[5,4]
91,[6,4]
92,[7,4]
93,[7,5]
94,[7,6]
95,[7,7]
96,[7,8]
97,[7,9]
98,[7,10]
99,[8,10]
100,[9,10]
101,[9,11]
102,[9,12]
103,[8,12]
104,[7,12]
105,[6,12]
106,[5,12]
107,[4,12]
108,[3,12]
109,[2,12]
110,[1,12]
111,[1,11]
112,[1,12]
113,[2,12]
114,[3,12]
115,[4,12]
116,[5,12]
117,[6,12]
118,[7,12]
119,[8,12]
120,[9,12]
121,[9,11]
122,[9,10]
123,[9,9]
124,[9,8]
125,[9,7]
126,[9,6]
127,[10,6]
128,[9,6]
129,[8,6]
130,[7,6]
131,[7,5]
132,[7,4]
133,[6,4]
134,[5,4]
135,[4,4]
136,[3,4]
137,[3,5]
138,[3,6]
139,[3,7]
140,[2,7]
141,[1,7]
142,[1,6]
143,[1,5]
144,[1,4]
145,[1,3]
146,[1,2]
147,[1,1]
148,[1,2]
149,[1,3]
150,[1,4]
151,[1,5]
152,[1,6]
153,[1,7]
154,[1,8]
155,[1,9]
156,[1,10]
157,[1,11]
158,[1,12]
159,[2,12]
160,[3,12]
161,[4,12]
162,[5,12]
163,[6,12]
164,[7,12]
165,[8,12]
166,[9,12]
167,[9,11]
168,[9,10]
169,[9,9]
170,[9,8]
171,[9,7]
172,[9,6]
173,[10,6]
174,[9,6]
175,[9,7]
176,[9,8]
177,[9,9]
178,[9,10]
179,[9,11]
180,[9,12]
181,[8,12]
182,[7,12]
183,[6,12]
184,[5,12]
185,[4,12]
186,[3,12]
187,[2,12]
188,[1,12]
189,[1,11]
