//Quantitative values
87	//Makespan
84	//Mission completion time hauler 1
87	//Mission completion time hauler 2
43	//Application execution time (in millisecond)
//Path to the final points
0,[8,10],[8,3]
1,[8,9],[8,4]
2,[9,9],[8,5]
3,[10,9],[8,6]
4,[11,9],[8,7]
5,[10,9],[8,8]
6,[9,9],[8,9]
7,[9,10],[9,9]
8,[9,11],[10,9]
9,[9,12],[11,9]
10,[8,12],[10,9]
11,[7,12],[9,9]
12,[6,12],[8,9]
13,[5,12],[7,9]
14,[4,12],[7,8]
15,[3,12],[7,7]
16,[2,12],[7,6]
17,[1,12],[7,5]
18,[1,11],[7,4]
19,[1,10],[6,4]
20,[1,9],[5,4]
21,[1,8],[4,4]
22,[1,7],[3,4]
23,[1,6],[2,4]
24,[1,5],[1,4]
25,[1,4],[1,3]
26,[1,3],[1,4]
27,[1,4],[1,5]
28,[1,5],[1,6]
29,[1,6],[1,7]
30,[1,7],[1,8]
31,[1,8],[1,9]
32,[1,9],[1,8]
33,[2,9],[1,7]
34,[3,9],[1,6]
35,[4,9],[1,5]
36,[5,9],[1,4]
37,[4,9],[1,3]
38,[3,9],[1,2]
39,[2,9],[1,1]
40,[1,9],[1,2]
41,[1,8],[1,3]
42,[1,7],[1,4]
43,[1,6],[2,4]
44,[1,5],[3,4]
45,[1,4],[4,4]
46,[1,3],[5,4]
47,[1,4],[6,4]
48,[1,5],[7,4]
49,[1,6],[7,5]
50,[1,7],[7,6]
51,[1,8],[7,7]
52,[1,9],[7,8]
53,[1,10],[7,9]
54,[1,11],[8,9]
55,[1,12],[9,9]
56,[2,12],[8,9]
57,[3,12],[7,9]
58,[4,12],[7,8]
59,[5,12],[7,7]
60,[6,12],[7,6]
61,[7,12],[7,5]
62,[8,12],[7,4]
63,[9,12],[6,4]
64,[9,11],[5,4]
65,[9,10],[4,4]
66,[9,9],[3,4]
67,[10,9],[2,4]
68,[11,9],[1,4]
69,[10,9],[1,3]
70,[9,9],[1,2]
71,[9,10],[1,1]
72,[9,11],[1,2]
73,[9,12],[1,3]
74,[8,12],[1,4]
75,[7,12],[2,4]
76,[6,12],[3,4]
77,[5,12],[4,4]
78,[4,12],[5,4]
79,[3,12],[6,4]
80,[3,11],[7,4]
81,[3,10],[7,5]
82,[3,9],[7,6]
83,[4,9],[7,7]
84,[5,9],[7,8]
85,[5,9],[7,9]
86,[5,9],[8,9]
87,[5,9],[9,9]
