//Quantitative values
58	//Makespan
58	//Mission completion time hauler 1
8	//Application execution time (in millisecond)
//Path to the final points
0,[10,9]
1,[9,9]
2,[8,9]
3,[7,9]
4,[6,9]
5,[5,9]
6,[5,10]
7,[5,11]
8,[5,12]
9,[5,11]
10,[6,11]
11,[7,11]
12,[8,11]
13,[9,11]
14,[10,11]
15,[11,11]
16,[10,11]
17,[9,11]
18,[8,11]
19,[7,11]
20,[6,11]
21,[5,11]
22,[5,12]
23,[5,11]
24,[6,11]
25,[7,11]
26,[8,11]
27,[9,11]
28,[10,11]
29,[11,11]
30,[10,11]
31,[9,11]
32,[8,11]
33,[7,11]
34,[6,11]
35,[5,11]
36,[4,11]
37,[3,11]
38,[3,10]
39,[3,9]
40,[3,8]
41,[3,7]
42,[3,6]
43,[3,5]
44,[3,6]
45,[4,6]
46,[5,6]
47,[6,6]
48,[7,6]
49,[8,6]
50,[8,7]
51,[8,8]
52,[8,9]
53,[8,8]
54,[8,7]
55,[8,6]
56,[8,5]
57,[8,4]
58,[8,3]
