//Quantitative values
38	//Makespan
38	//Mission completion time hauler 1
18	//Application execution time (in millisecond)
//Path to the final points
0,[2,8]
1,[2,7]
2,[2,6]
3,[2,5]
4,[2,4]
5,[3,4]
6,[4,4]
7,[5,4]
8,[6,4]
9,[5,4]
10,[5,3]
11,[5,2]
12,[6,2]
13,[6,3]
14,[6,4]
15,[7,4]
16,[8,4]
17,[9,4]
18,[10,4]
19,[11,4]
20,[12,4]
21,[11,4]
22,[10,4]
23,[9,4]
24,[8,4]
25,[7,4]
26,[6,4]
27,[5,4]
28,[5,3]
29,[5,2]
30,[6,2]
31,[7,2]
32,[8,2]
33,[9,2]
34,[10,2]
35,[11,2]
36,[12,2]
37,[12,3]
38,[12,4]
