//Quantitative values
107	//Makespan
91	//Mission completion time hauler 1
107	//Mission completion time hauler 2
15	//Application execution time (in millisecond)
//Path to the final points
0,[2,4],[1,5]
1,[3,4],[1,6]
2,[4,4],[1,5]
3,[5,4],[1,4]
4,[6,4],[2,4]
5,[7,4],[3,4]
6,[7,5],[4,4]
7,[7,6],[5,4]
8,[7,7],[6,4]
9,[8,7],[7,4]
10,[9,7],[7,5]
11,[10,7],[7,6]
12,[11,7],[7,7]
13,[12,7],[8,7]
14,[11,7],[9,7]
15,[10,7],[10,7]
16,[9,7],[11,7]
17,[9,8],[12,7]
18,[9,9],[11,7]
19,[9,10],[10,7]
20,[9,11],[9,7]
21,[9,12],[8,7]
22,[8,12],[7,7]
23,[7,12],[7,6]
24,[6,12],[7,5]
25,[5,12],[7,4]
26,[4,12],[6,4]
27,[3,12],[5,4]
28,[3,11],[4,4]
29,[3,10],[3,4]
30,[4,10],[2,4]
31,[3,10],[1,4]
32,[3,11],[1,5]
33,[3,12],[1,6]
34,[4,12],[1,7]
35,[5,12],[1,8]
36,[6,12],[1,9]
37,[7,12],[1,10]
38,[6,12],[1,11]
39,[5,12],[1,12]
40,[4,12],[2,12]
41,[3,12],[3,12]
42,[2,12],[4,12]
43,[1,12],[5,12]
44,[1,11],[6,12]
45,[1,10],[7,12]
46,[1,9],[6,12]
47,[1,8],[5,12]
48,[1,7],[4,12]
49,[1,6],[3,12]
50,[1,7],[2,12]
51,[1,8],[1,12]
52,[1,9],[1,11]
53,[1,10],[1,10]
54,[1,11],[1,9]
55,[1,12],[1,8]
56,[2,12],[1,7]
57,[3,12],[1,6]
58,[4,12],[1,5]
59,[5,12],[1,4]
60,[6,12],[2,4]
61,[7,12],[3,4]
62,[8,12],[4,4]
63,[9,12],[5,4]
64,[9,11],[6,4]
65,[9,10],[7,4]
66,[8,10],[7,5]
67,[8,9],[7,6]
68,[8,8],[7,7]
69,[8,7],[8,7]
70,[8,6],[9,7]
71,[8,5],[10,7]
72,[8,6],[11,7]
73,[8,7],[12,7]
74,[8,8],[11,7]
75,[8,9],[10,7]
76,[8,10],[9,7]
77,[9,10],[9,8]
78,[9,11],[9,9]
79,[9,12],[9,10]
80,[8,12],[9,11]
81,[7,12],[9,12]
82,[8,12],[8,12]
83,[9,12],[7,12]
84,[9,11],[6,12]
85,[9,10],[5,12]
86,[8,10],[4,12]
87,[8,9],[3,12]
88,[8,8],[3,11]
89,[8,7],[3,10]
90,[8,6],[4,10]
91,[8,5],[4,9]
92,[8,5],[4,8]
93,[8,5],[4,7]
94,[8,5],[4,6]
95,[8,5],[4,5]
96,[8,5],[4,4]
97,[8,5],[5,4]
98,[8,5],[6,4]
99,[8,5],[7,4]
100,[8,5],[7,5]
101,[8,5],[7,6]
102,[8,5],[7,7]
103,[8,5],[8,7]
104,[8,5],[9,7]
105,[8,5],[10,7]
106,[8,5],[11,7]
107,[8,5],[12,7]
