//Quantitative values
100	//Makespan
100	//Mission completion time hauler 1
16	//Application execution time (in millisecond)
//Path to the final points
0,[5,12]
1,[6,12]
2,[7,12]
3,[8,12]
4,[9,12]
5,[9,11]
6,[9,10]
7,[9,9]
8,[9,8]
9,[9,7]
10,[9,6]
11,[10,6]
12,[9,6]
13,[8,6]
14,[7,6]
15,[7,5]
16,[7,4]
17,[6,4]
18,[5,4]
19,[4,4]
20,[3,4]
21,[2,4]
22,[2,5]
23,[2,6]
24,[2,7]
25,[2,6]
26,[2,5]
27,[2,4]
28,[3,4]
29,[4,4]
30,[5,4]
31,[6,4]
32,[7,4]
33,[7,5]
34,[7,6]
35,[7,7]
36,[7,8]
37,[7,9]
38,[7,10]
39,[8,10]
40,[7,10]
41,[7,9]
42,[7,8]
43,[7,7]
44,[7,6]
45,[7,5]
46,[7,4]
47,[6,4]
48,[5,4]
49,[4,4]
50,[3,4]
51,[3,5]
52,[3,6]
53,[3,7]
54,[3,6]
55,[3,5]
56,[3,4]
57,[4,4]
58,[5,4]
59,[6,4]
60,[7,4]
61,[7,5]
62,[7,6]
63,[7,7]
64,[7,8]
65,[7,9]
66,[7,10]
67,[8,10]
68,[7,10]
69,[7,9]
70,[7,8]
71,[7,7]
72,[7,6]
73,[7,5]
74,[7,4]
75,[6,4]
76,[5,4]
77,[4,4]
78,[3,4]
79,[2,4]
80,[2,5]
81,[2,6]
82,[2,7]
83,[1,7]
84,[1,6]
85,[1,5]
86,[1,4]
87,[1,3]
88,[1,2]
89,[1,1]
90,[1,2]
91,[1,3]
92,[1,4]
93,[2,4]
94,[3,4]
95,[4,4]
96,[5,4]
97,[6,4]
98,[7,4]
99,[7,5]
100,[7,6]
