//Quantitative values
123	//Makespan
123	//Mission completion time hauler 1
44	//Application execution time (in millisecond)
//Path to the final points
0,[4,12]
1,[5,12]
2,[6,12]
3,[6,11]
4,[7,11]
5,[7,10]
6,[7,9]
7,[7,8]
8,[7,7]
9,[7,6]
10,[7,5]
11,[8,5]
12,[7,5]
13,[6,5]
14,[5,5]
15,[5,6]
16,[4,6]
17,[4,5]
18,[4,4]
19,[4,3]
20,[4,2]
21,[5,2]
22,[5,3]
23,[6,3]
24,[6,4]
25,[6,5]
26,[6,6]
27,[6,7]
28,[7,7]
29,[7,8]
30,[7,9]
31,[7,10]
32,[7,11]
33,[8,11]
34,[8,10]
35,[8,9]
36,[8,8]
37,[8,7]
38,[8,6]
39,[8,5]
40,[8,6]
41,[8,7]
42,[8,8]
43,[8,9]
44,[8,10]
45,[8,11]
46,[7,11]
47,[6,11]
48,[6,12]
49,[5,12]
50,[4,12]
51,[3,12]
52,[3,11]
53,[3,12]
54,[4,12]
55,[5,12]
56,[6,12]
57,[6,11]
58,[7,11]
59,[8,11]
60,[7,11]
61,[6,11]
62,[6,12]
63,[5,12]
64,[4,12]
65,[3,12]
66,[3,11]
67,[3,10]
68,[3,9]
69,[3,8]
70,[3,7]
71,[3,6]
72,[4,6]
73,[5,6]
74,[4,6]
75,[3,6]
76,[3,7]
77,[3,8]
78,[3,9]
79,[3,10]
80,[3,11]
81,[3,10]
82,[3,9]
83,[3,8]
84,[3,7]
85,[3,6]
86,[4,6]
87,[5,6]
88,[6,6]
89,[7,6]
90,[8,6]
91,[9,6]
92,[8,6]
93,[7,6]
94,[6,6]
95,[6,5]
96,[6,4]
97,[6,3]
98,[5,3]
99,[5,2]
100,[5,3]
101,[6,3]
102,[6,4]
103,[6,5]
104,[6,6]
105,[7,6]
106,[8,6]
107,[9,6]
108,[8,6]
109,[7,6]
110,[6,6]
111,[6,5]
112,[6,4]
113,[6,3]
114,[5,3]
115,[5,2]
116,[5,3]
117,[6,3]
118,[6,4]
119,[6,5]
120,[6,6]
121,[7,6]
122,[8,6]
123,[9,6]
