//Quantitative values
114	//Makespan
114	//Mission completion time hauler 1
16	//Application execution time (in millisecond)
//Path to the final points
0,[7,2]
1,[6,2]
2,[6,3]
3,[6,4]
4,[6,5]
5,[6,6]
6,[7,6]
7,[7,7]
8,[7,8]
9,[7,9]
10,[6,9]
11,[5,9]
12,[5,8]
13,[5,7]
14,[4,7]
15,[4,6]
16,[4,5]
17,[3,5]
18,[2,5]
19,[1,5]
20,[1,4]
21,[1,3]
22,[1,2]
23,[1,1]
24,[2,1]
25,[3,1]
26,[4,1]
27,[3,1]
28,[2,1]
29,[1,1]
30,[1,2]
31,[1,3]
32,[1,4]
33,[1,3]
34,[1,2]
35,[1,1]
36,[2,1]
37,[3,1]
38,[4,1]
39,[4,2]
40,[5,2]
41,[6,2]
42,[7,2]
43,[8,2]
44,[8,3]
45,[8,4]
46,[7,4]
47,[7,5]
48,[7,6]
49,[7,7]
50,[7,8]
51,[7,9]
52,[7,8]
53,[7,7]
54,[7,6]
55,[7,5]
56,[7,4]
57,[8,4]
58,[8,3]
59,[8,2]
60,[7,2]
61,[6,2]
62,[5,2]
63,[4,2]
64,[3,2]
65,[2,2]
66,[1,2]
67,[1,1]
68,[1,2]
69,[1,3]
70,[1,4]
71,[1,5]
72,[2,5]
73,[3,5]
74,[4,5]
75,[4,6]
76,[4,7]
77,[5,7]
78,[5,8]
79,[5,9]
80,[6,9]
81,[7,9]
82,[7,8]
83,[7,7]
84,[7,6]
85,[7,5]
86,[7,4]
87,[8,4]
88,[8,3]
89,[8,2]
90,[7,2]
91,[6,2]
92,[5,2]
93,[4,2]
94,[4,1]
95,[4,2]
96,[5,2]
97,[6,2]
98,[7,2]
99,[8,2]
100,[8,3]
101,[8,4]
102,[7,4]
103,[7,5]
104,[7,6]
105,[7,7]
106,[7,8]
107,[7,9]
108,[6,9]
109,[5,9]
110,[4,9]
111,[3,9]
112,[2,9]
113,[1,9]
114,[1,10]
