//Quantitative values
125	//Makespan
125	//Mission completion time hauler 1
44	//Application execution time (in millisecond)
//Path to the final points
0,[3,8]
1,[3,9]
2,[4,9]
3,[4,10]
4,[4,11]
5,[3,11]
6,[3,12]
7,[3,11]
8,[4,11]
9,[4,10]
10,[4,9]
11,[5,9]
12,[6,9]
13,[7,9]
14,[8,9]
15,[9,9]
16,[9,10]
17,[10,10]
18,[9,10]
19,[8,10]
20,[7,10]
21,[6,10]
22,[6,9]
23,[6,8]
24,[6,7]
25,[6,6]
26,[7,6]
27,[8,6]
28,[9,6]
29,[9,7]
30,[10,7]
31,[11,7]
32,[10,7]
33,[9,7]
34,[9,8]
35,[8,8]
36,[7,8]
37,[6,8]
38,[5,8]
39,[5,9]
40,[5,10]
41,[5,9]
42,[5,8]
43,[6,8]
44,[7,8]
45,[8,8]
46,[9,8]
47,[9,7]
48,[10,7]
49,[11,7]
50,[10,7]
51,[9,7]
52,[9,6]
53,[8,6]
54,[7,6]
55,[6,6]
56,[5,6]
57,[5,7]
58,[5,8]
59,[4,8]
60,[4,9]
61,[4,10]
62,[4,11]
63,[3,11]
64,[3,12]
65,[3,11]
66,[4,11]
67,[4,10]
68,[4,9]
69,[4,8]
70,[5,8]
71,[5,7]
72,[5,6]
73,[6,6]
74,[6,5]
75,[6,4]
76,[6,3]
77,[6,2]
78,[6,1]
79,[7,1]
80,[8,1]
81,[9,1]
82,[10,1]
83,[11,1]
84,[10,1]
85,[9,1]
86,[8,1]
87,[7,1]
88,[6,1]
89,[6,2]
90,[6,3]
91,[6,4]
92,[6,5]
93,[6,6]
94,[6,5]
95,[6,4]
96,[6,3]
97,[6,2]
98,[6,1]
99,[7,1]
100,[8,1]
101,[9,1]
102,[10,1]
103,[11,1]
104,[10,1]
105,[9,1]
106,[8,1]
107,[7,1]
108,[6,1]
109,[5,1]
110,[5,2]
111,[5,3]
112,[5,4]
113,[5,5]
114,[5,6]
115,[5,7]
116,[5,8]
117,[5,9]
118,[5,10]
119,[6,10]
120,[7,10]
121,[8,10]
122,[9,10]
123,[10,10]
124,[9,10]
125,[9,9]
