//Quantitative values
125	//Makespan
125	//Mission completion time hauler 1
17	//Application execution time (in millisecond)
//Path to the final points
0,[1,3]
1,[1,2]
2,[1,1]
3,[2,1]
4,[2,2]
5,[2,3]
6,[3,3]
7,[4,3]
8,[5,3]
9,[6,3]
10,[7,3]
11,[8,3]
12,[9,3]
13,[10,3]
14,[10,4]
15,[10,5]
16,[10,6]
17,[11,6]
18,[12,6]
19,[11,6]
20,[10,6]
21,[9,6]
22,[9,5]
23,[9,4]
24,[9,5]
25,[9,6]
26,[10,6]
27,[11,6]
28,[12,6]
29,[11,6]
30,[10,6]
31,[10,5]
32,[10,4]
33,[10,3]
34,[10,4]
35,[10,5]
36,[10,6]
37,[11,6]
38,[12,6]
39,[11,6]
40,[10,6]
41,[9,6]
42,[9,5]
43,[9,4]
44,[8,4]
45,[7,4]
46,[6,4]
47,[5,4]
48,[4,4]
49,[3,4]
50,[2,4]
51,[2,3]
52,[2,2]
53,[2,1]
54,[2,2]
55,[2,3]
56,[2,4]
57,[2,5]
58,[2,6]
59,[2,7]
60,[2,8]
61,[2,9]
62,[2,10]
63,[2,11]
64,[3,11]
65,[4,11]
66,[5,11]
67,[6,11]
68,[7,11]
69,[8,11]
70,[9,11]
71,[10,11]
72,[11,11]
73,[10,11]
74,[9,11]
75,[8,11]
76,[7,11]
77,[6,11]
78,[5,11]
79,[4,11]
80,[3,11]
81,[2,11]
82,[2,10]
83,[2,9]
84,[2,8]
85,[2,7]
86,[2,6]
87,[2,5]
88,[2,4]
89,[2,3]
90,[2,2]
91,[2,1]
92,[2,2]
93,[3,2]
94,[3,3]
95,[3,4]
96,[3,5]
97,[3,6]
98,[4,6]
99,[5,6]
100,[6,6]
101,[7,6]
102,[8,6]
103,[9,6]
104,[10,6]
105,[11,6]
106,[12,6]
107,[11,6]
108,[10,6]
109,[9,6]
110,[9,5]
111,[9,4]
112,[8,4]
113,[7,4]
114,[7,5]
115,[7,6]
116,[7,7]
117,[7,8]
118,[7,7]
119,[7,6]
120,[7,5]
121,[7,4]
122,[7,3]
123,[8,3]
124,[9,3]
125,[10,3]
