//Quantitative values
63	//Makespan
63	//Mission completion time hauler 1
20	//Application execution time (in millisecond)
//Path to the final points
0,[5,4]
1,[5,5]
2,[5,6]
3,[5,7]
4,[5,8]
5,[5,9]
6,[4,9]
7,[3,9]
8,[3,8]
9,[3,7]
10,[3,6]
11,[3,5]
12,[3,4]
13,[3,3]
14,[3,2]
15,[3,1]
16,[3,2]
17,[3,3]
18,[3,4]
19,[4,4]
20,[5,4]
21,[6,4]
22,[7,4]
23,[8,4]
24,[9,4]
25,[10,4]
26,[11,4]
27,[10,4]
28,[9,4]
29,[8,4]
30,[7,4]
31,[6,4]
32,[5,4]
33,[4,4]
34,[3,4]
35,[2,4]
36,[2,3]
37,[2,2]
38,[2,1]
39,[1,1]
40,[2,1]
41,[2,2]
42,[2,3]
43,[2,4]
44,[3,4]
45,[4,4]
46,[5,4]
47,[6,4]
48,[7,4]
49,[8,4]
50,[9,4]
51,[10,4]
52,[11,4]
53,[10,4]
54,[9,4]
55,[8,4]
56,[7,4]
57,[6,4]
58,[5,4]
59,[4,4]
60,[3,4]
61,[3,3]
62,[3,2]
63,[3,1]
