//Quantitative values
62	//Makespan
62	//Mission completion time hauler 1
8	//Application execution time (in millisecond)
//Path to the final points
0,[7,2]
1,[7,3]
2,[7,4]
3,[7,5]
4,[7,6]
5,[7,7]
6,[7,8]
7,[7,9]
8,[7,8]
9,[7,7]
10,[7,6]
11,[7,5]
12,[7,4]
13,[7,3]
14,[8,3]
15,[7,3]
16,[6,3]
17,[5,3]
18,[4,3]
19,[3,3]
20,[2,3]
21,[1,3]
22,[1,2]
23,[1,1]
24,[1,2]
25,[1,3]
26,[1,4]
27,[1,5]
28,[1,6]
29,[1,7]
30,[1,8]
31,[1,9]
32,[1,10]
33,[1,9]
34,[2,9]
35,[3,9]
36,[4,9]
37,[5,9]
38,[6,9]
39,[7,9]
40,[6,9]
41,[5,9]
42,[4,9]
43,[3,9]
44,[2,9]
45,[1,9]
46,[1,10]
47,[1,11]
48,[2,11]
49,[3,11]
50,[4,11]
51,[5,11]
52,[4,11]
53,[3,11]
54,[2,11]
55,[1,11]
56,[1,10]
57,[1,9]
58,[1,8]
59,[1,7]
60,[1,6]
61,[1,5]
62,[1,4]
