//Quantitative values
72	//Makespan
72	//Mission completion time hauler 1
10	//Application execution time (in millisecond)
//Path to the final points
0,[1,3]
1,[1,2]
2,[2,2]
3,[3,2]
4,[4,2]
5,[5,2]
6,[6,2]
7,[7,2]
8,[8,2]
9,[9,2]
10,[9,3]
11,[9,4]
12,[9,5]
13,[8,5]
14,[8,6]
15,[7,6]
16,[7,7]
17,[7,8]
18,[7,7]
19,[7,6]
20,[8,6]
21,[8,5]
22,[9,5]
23,[9,4]
24,[9,3]
25,[10,3]
26,[10,4]
27,[10,5]
28,[10,6]
29,[11,6]
30,[12,6]
31,[11,6]
32,[10,6]
33,[10,7]
34,[10,8]
35,[10,9]
36,[10,10]
37,[10,11]
38,[11,11]
39,[10,11]
40,[10,10]
41,[9,10]
42,[8,10]
43,[8,9]
44,[7,9]
45,[6,9]
46,[5,9]
47,[4,9]
48,[3,9]
49,[3,8]
50,[3,7]
51,[3,6]
52,[3,5]
53,[3,4]
54,[3,3]
55,[3,2]
56,[2,2]
57,[2,1]
58,[2,2]
59,[3,2]
60,[3,3]
61,[3,4]
62,[3,5]
63,[3,6]
64,[4,6]
65,[5,6]
66,[6,6]
67,[7,6]
68,[8,6]
69,[9,6]
70,[10,6]
71,[11,6]
72,[12,6]
