//Quantitative values
79	//Makespan
79	//Mission completion time hauler 1
10	//Application execution time (in millisecond)
//Path to the final points
0,[3,10]
1,[3,9]
2,[3,8]
3,[3,7]
4,[3,6]
5,[3,5]
6,[3,4]
7,[4,4]
8,[5,4]
9,[6,4]
10,[7,4]
11,[8,4]
12,[7,4]
13,[6,4]
14,[5,4]
15,[4,4]
16,[3,4]
17,[3,5]
18,[3,6]
19,[3,7]
20,[3,8]
21,[3,7]
22,[3,6]
23,[3,5]
24,[3,4]
25,[4,4]
26,[5,4]
27,[6,4]
28,[5,4]
29,[4,4]
30,[3,4]
31,[2,4]
32,[2,5]
33,[2,6]
34,[2,7]
35,[2,8]
36,[2,9]
37,[2,10]
38,[2,9]
39,[2,8]
40,[2,7]
41,[2,6]
42,[2,5]
43,[2,4]
44,[3,4]
45,[4,4]
46,[5,4]
47,[6,4]
48,[5,4]
49,[4,4]
50,[3,4]
51,[3,5]
52,[3,6]
53,[3,7]
54,[3,8]
55,[3,9]
56,[4,9]
57,[5,9]
58,[6,9]
59,[7,9]
60,[8,9]
61,[9,9]
62,[10,9]
63,[11,9]
64,[10,9]
65,[9,9]
66,[8,9]
67,[8,8]
68,[8,7]
69,[8,6]
70,[8,5]
71,[8,4]
72,[8,5]
73,[8,6]
74,[8,7]
75,[8,8]
76,[8,9]
77,[9,9]
78,[10,9]
79,[11,9]
