//Quantitative values
58	//Makespan
58	//Mission completion time hauler 1
29	//Application execution time (in millisecond)
//Path to the final points
0,[7,1]
1,[6,1]
2,[5,1]
3,[5,2]
4,[5,3]
5,[5,4]
6,[5,5]
7,[5,6]
8,[5,7]
9,[5,8]
10,[6,8]
11,[7,8]
12,[8,8]
13,[7,8]
14,[6,8]
15,[5,8]
16,[5,7]
17,[5,6]
18,[5,5]
19,[5,4]
20,[5,5]
21,[5,6]
22,[5,7]
23,[5,8]
24,[6,8]
25,[7,8]
26,[8,8]
27,[7,8]
28,[6,8]
29,[5,8]
30,[4,8]
31,[3,8]
32,[3,9]
33,[3,8]
34,[4,8]
35,[5,8]
36,[6,8]
37,[7,8]
38,[8,8]
39,[7,8]
40,[6,8]
41,[5,8]
42,[4,8]
43,[3,8]
44,[2,8]
45,[1,8]
46,[1,7]
47,[2,7]
48,[3,7]
49,[4,7]
50,[5,7]
51,[5,6]
52,[6,6]
53,[5,6]
54,[5,5]
55,[5,4]
56,[5,5]
57,[5,6]
58,[6,6]
