//Quantitative values
92	//Makespan
92	//Mission completion time hauler 1
10	//Application execution time (in millisecond)
//Path to the final points
0,[1,12]
1,[1,11]
2,[2,11]
3,[3,11]
4,[4,11]
5,[5,11]
6,[5,10]
7,[5,9]
8,[5,8]
9,[5,7]
10,[5,6]
11,[5,5]
12,[5,4]
13,[5,3]
14,[5,2]
15,[6,2]
16,[6,3]
17,[6,4]
18,[6,5]
19,[6,6]
20,[6,7]
21,[6,8]
22,[6,9]
23,[7,9]
24,[8,9]
25,[9,9]
26,[10,9]
27,[9,9]
28,[8,9]
29,[7,9]
30,[6,9]
31,[5,9]
32,[5,8]
33,[5,7]
34,[5,6]
35,[5,5]
36,[5,4]
37,[5,3]
38,[5,4]
39,[5,5]
40,[6,5]
41,[7,5]
42,[8,5]
43,[9,5]
44,[10,5]
45,[11,5]
46,[10,5]
47,[9,5]
48,[8,5]
49,[7,5]
50,[6,5]
51,[6,4]
52,[6,3]
53,[6,2]
54,[6,3]
55,[6,4]
56,[6,5]
57,[7,5]
58,[8,5]
59,[9,5]
60,[10,5]
61,[11,5]
62,[10,5]
63,[9,5]
64,[8,5]
65,[7,5]
66,[6,5]
67,[6,4]
68,[6,3]
69,[6,2]
70,[5,2]
71,[5,3]
72,[5,4]
73,[5,5]
74,[5,6]
75,[5,7]
76,[5,8]
77,[5,9]
78,[5,10]
79,[5,11]
80,[5,10]
81,[5,9]
82,[5,8]
83,[5,7]
84,[5,6]
85,[5,5]
86,[5,4]
87,[5,3]
88,[5,2]
89,[5,1]
90,[6,1]
91,[7,1]
92,[8,1]
