//Quantitative values
112	//Makespan
112	//Mission completion time hauler 1
31	//Application execution time (in millisecond)
//Path to the final points
0,[12,9]
1,[11,9]
2,[10,9]
3,[9,9]
4,[8,9]
5,[7,9]
6,[6,9]
7,[5,9]
8,[4,9]
9,[3,9]
10,[2,9]
11,[2,8]
12,[2,7]
13,[1,7]
14,[1,6]
15,[1,7]
16,[2,7]
17,[2,8]
18,[2,9]
19,[2,10]
20,[1,10]
21,[2,10]
22,[2,9]
23,[2,8]
24,[2,7]
25,[2,6]
26,[2,5]
27,[2,4]
28,[2,5]
29,[2,6]
30,[2,7]
31,[2,8]
32,[2,9]
33,[3,9]
34,[4,9]
35,[5,9]
36,[6,9]
37,[7,9]
38,[8,9]
39,[9,9]
40,[10,9]
41,[11,9]
42,[11,10]
43,[11,9]
44,[10,9]
45,[9,9]
46,[8,9]
47,[7,9]
48,[6,9]
49,[5,9]
50,[4,9]
51,[3,9]
52,[2,9]
53,[2,8]
54,[2,7]
55,[2,6]
56,[2,5]
57,[2,4]
58,[2,5]
59,[2,6]
60,[2,7]
61,[2,8]
62,[2,9]
63,[3,9]
64,[4,9]
65,[5,9]
66,[6,9]
67,[7,9]
68,[8,9]
69,[9,9]
70,[10,9]
71,[11,9]
72,[11,10]
73,[11,9]
74,[10,9]
75,[9,9]
76,[8,9]
77,[7,9]
78,[6,9]
79,[5,9]
80,[4,9]
81,[3,9]
82,[2,9]
83,[2,8]
84,[2,7]
85,[2,6]
86,[2,5]
87,[2,4]
88,[2,5]
89,[2,6]
90,[2,7]
91,[2,8]
92,[2,9]
93,[2,10]
94,[1,10]
95,[2,10]
96,[2,9]
97,[2,8]
98,[3,8]
99,[4,8]
100,[5,8]
101,[6,8]
102,[6,7]
103,[7,7]
104,[8,7]
105,[8,6]
106,[9,6]
107,[9,7]
108,[9,8]
109,[9,9]
110,[10,9]
111,[11,9]
112,[11,10]
