//Quantitative values
125	//Makespan
125	//Mission completion time hauler 1
16	//Application execution time (in millisecond)
//Path to the final points
0,[11,4]
1,[10,4]
2,[9,4]
3,[8,4]
4,[7,4]
5,[6,4]
6,[5,4]
7,[4,4]
8,[3,4]
9,[2,4]
10,[1,4]
11,[1,3]
12,[1,2]
13,[1,3]
14,[1,4]
15,[1,5]
16,[1,6]
17,[1,7]
18,[2,7]
19,[3,7]
20,[4,7]
21,[5,7]
22,[6,7]
23,[7,7]
24,[8,7]
25,[9,7]
26,[8,7]
27,[7,7]
28,[6,7]
29,[5,7]
30,[4,7]
31,[3,7]
32,[2,7]
33,[1,7]
34,[1,6]
35,[1,5]
36,[1,4]
37,[1,3]
38,[1,2]
39,[1,3]
40,[1,4]
41,[1,5]
42,[1,6]
43,[1,7]
44,[2,7]
45,[3,7]
46,[4,7]
47,[5,7]
48,[6,7]
49,[7,7]
50,[8,7]
51,[9,7]
52,[8,7]
53,[7,7]
54,[6,7]
55,[5,7]
56,[4,7]
57,[4,6]
58,[4,5]
59,[4,4]
60,[4,5]
61,[4,6]
62,[4,7]
63,[4,8]
64,[4,9]
65,[4,10]
66,[5,10]
67,[6,10]
68,[7,10]
69,[7,9]
70,[8,9]
71,[7,9]
72,[6,9]
73,[6,10]
74,[6,11]
75,[6,12]
76,[6,11]
77,[6,10]
78,[6,9]
79,[6,8]
80,[6,7]
81,[7,7]
82,[8,7]
83,[9,7]
84,[10,7]
85,[11,7]
86,[12,7]
87,[11,7]
88,[10,7]
89,[9,7]
90,[8,7]
91,[7,7]
92,[6,7]
93,[5,7]
94,[4,7]
95,[3,7]
96,[2,7]
97,[1,7]
98,[1,6]
99,[1,5]
100,[1,4]
101,[1,3]
102,[1,2]
103,[1,3]
104,[1,4]
105,[1,5]
106,[1,6]
107,[1,7]
108,[2,7]
109,[3,7]
110,[4,7]
111,[5,7]
112,[6,7]
113,[7,7]
114,[8,7]
115,[9,7]
116,[10,7]
117,[11,7]
118,[12,7]
119,[11,7]
120,[10,7]
121,[9,7]
122,[8,7]
123,[7,7]
124,[8,7]
125,[9,7]
