//Quantitative values
81	//Makespan
81	//Mission completion time hauler 1
13	//Application execution time (in millisecond)
//Path to the final points
0,[8,9]
1,[8,8]
2,[8,7]
3,[9,7]
4,[10,7]
5,[9,7]
6,[8,7]
7,[8,6]
8,[8,5]
9,[8,4]
10,[8,3]
11,[8,4]
12,[8,5]
13,[8,6]
14,[8,7]
15,[9,7]
16,[10,7]
17,[9,7]
18,[8,7]
19,[7,7]
20,[6,7]
21,[5,7]
22,[5,8]
23,[5,7]
24,[6,7]
25,[7,7]
26,[8,7]
27,[9,7]
28,[10,7]
29,[9,7]
30,[8,7]
31,[7,7]
32,[6,7]
33,[5,7]
34,[5,6]
35,[5,5]
36,[5,4]
37,[5,3]
38,[5,2]
39,[6,2]
40,[6,3]
41,[7,3]
42,[8,3]
43,[7,3]
44,[7,4]
45,[7,5]
46,[7,6]
47,[7,7]
48,[6,7]
49,[5,7]
50,[5,8]
51,[4,8]
52,[4,9]
53,[4,10]
54,[4,9]
55,[4,8]
56,[4,7]
57,[5,7]
58,[5,6]
59,[5,5]
60,[5,4]
61,[5,3]
62,[6,3]
63,[7,3]
64,[8,3]
65,[8,4]
66,[8,5]
67,[8,6]
68,[8,7]
69,[9,7]
70,[10,7]
71,[9,7]
72,[8,7]
73,[7,7]
74,[6,7]
75,[5,7]
76,[4,7]
77,[3,7]
78,[2,7]
79,[1,7]
80,[1,8]
81,[1,9]
