//Quantitative values
157	//Makespan
157	//Mission completion time hauler 1
40	//Application execution time (in millisecond)
//Path to the final points
0,[5,4]
1,[6,4]
2,[7,4]
3,[8,4]
4,[8,5]
5,[9,5]
6,[10,5]
7,[11,5]
8,[10,5]
9,[9,5]
10,[8,5]
11,[8,6]
12,[7,6]
13,[6,6]
14,[5,6]
15,[4,6]
16,[3,6]
17,[2,6]
18,[2,7]
19,[2,8]
20,[2,9]
21,[2,8]
22,[2,7]
23,[2,6]
24,[3,6]
25,[4,6]
26,[5,6]
27,[6,6]
28,[7,6]
29,[8,6]
30,[8,5]
31,[9,5]
32,[10,5]
33,[11,5]
34,[10,5]
35,[9,5]
36,[8,5]
37,[8,6]
38,[7,6]
39,[6,6]
40,[6,7]
41,[6,8]
42,[6,9]
43,[6,10]
44,[6,11]
45,[6,12]
46,[6,11]
47,[6,10]
48,[6,9]
49,[6,8]
50,[6,7]
51,[6,6]
52,[7,6]
53,[8,6]
54,[8,5]
55,[9,5]
56,[10,5]
57,[11,5]
58,[10,5]
59,[9,5]
60,[8,5]
61,[8,4]
62,[7,4]
63,[6,4]
64,[5,4]
65,[4,4]
66,[3,4]
67,[2,4]
68,[2,3]
69,[2,2]
70,[2,1]
71,[1,1]
72,[2,1]
73,[2,2]
74,[2,3]
75,[2,4]
76,[3,4]
77,[4,4]
78,[5,4]
79,[6,4]
80,[7,4]
81,[8,4]
82,[8,5]
83,[9,5]
84,[10,5]
85,[11,5]
86,[10,5]
87,[9,5]
88,[8,5]
89,[8,4]
90,[7,4]
91,[6,4]
92,[5,4]
93,[4,4]
94,[3,4]
95,[2,4]
96,[2,3]
97,[2,2]
98,[2,1]
99,[1,1]
100,[2,1]
101,[2,2]
102,[2,3]
103,[2,4]
104,[3,4]
105,[3,5]
106,[3,6]
107,[4,6]
108,[5,6]
109,[6,6]
110,[7,6]
111,[8,6]
112,[7,6]
113,[6,6]
114,[5,6]
115,[4,6]
116,[3,6]
117,[3,5]
118,[3,4]
119,[2,4]
120,[2,3]
121,[2,2]
122,[2,1]
123,[1,1]
124,[2,1]
125,[2,2]
126,[2,3]
127,[2,4]
128,[3,4]
129,[3,5]
130,[3,6]
131,[4,6]
132,[5,6]
133,[6,6]
134,[7,6]
135,[8,6]
136,[7,6]
137,[6,6]
138,[5,6]
139,[4,6]
140,[3,6]
141,[2,6]
142,[2,7]
143,[2,8]
144,[2,9]
145,[3,9]
146,[4,9]
147,[5,9]
148,[4,9]
149,[3,9]
150,[3,8]
151,[3,7]
152,[3,6]
153,[3,5]
154,[3,4]
155,[3,3]
156,[3,2]
157,[3,1]
