//Quantitative values
96	//Makespan
96	//Mission completion time hauler 1
14	//Application execution time (in millisecond)
//Path to the final points
0,[2,5]
1,[2,4]
2,[3,4]
3,[4,4]
4,[5,4]
5,[6,4]
6,[7,4]
7,[8,4]
8,[9,4]
9,[10,4]
10,[9,4]
11,[8,4]
12,[7,4]
13,[6,4]
14,[6,5]
15,[5,5]
16,[4,5]
17,[3,5]
18,[2,5]
19,[2,4]
20,[2,3]
21,[2,4]
22,[2,5]
23,[2,6]
24,[2,7]
25,[2,8]
26,[2,9]
27,[2,10]
28,[2,11]
29,[2,12]
30,[3,12]
31,[4,12]
32,[5,12]
33,[6,12]
34,[7,12]
35,[8,12]
36,[9,12]
37,[10,12]
38,[11,12]
39,[11,11]
40,[11,10]
41,[11,9]
42,[11,8]
43,[11,7]
44,[11,6]
45,[10,6]
46,[10,5]
47,[10,4]
48,[9,4]
49,[8,4]
50,[7,4]
51,[6,4]
52,[6,5]
53,[5,5]
54,[4,5]
55,[3,5]
56,[3,6]
57,[3,7]
58,[3,8]
59,[3,9]
60,[3,10]
61,[3,11]
62,[3,12]
63,[4,12]
64,[5,12]
65,[6,12]
66,[7,12]
67,[8,12]
68,[9,12]
69,[10,12]
70,[11,12]
71,[10,12]
72,[9,12]
73,[8,12]
74,[7,12]
75,[6,12]
76,[5,12]
77,[4,12]
78,[3,12]
79,[2,12]
80,[2,11]
81,[2,10]
82,[2,9]
83,[2,8]
84,[2,7]
85,[2,6]
86,[2,5]
87,[2,4]
88,[2,3]
89,[2,4]
90,[3,4]
91,[2,4]
92,[2,3]
93,[2,4]
94,[3,4]
95,[2,4]
96,[2,3]
