//Quantitative values
151	//Makespan
136	//Mission completion time hauler 1
151	//Mission completion time hauler 2
68	//Application execution time (in millisecond)
//Path to the final points
0,[8,10],[8,3]
1,[7,10],[7,3]
2,[7,9],[6,3]
3,[7,8],[5,3]
4,[7,7],[4,3]
5,[7,6],[3,3]
6,[7,5],[2,3]
7,[7,4],[1,3]
8,[6,4],[1,2]
9,[5,4],[1,1]
10,[4,4],[1,2]
11,[3,4],[1,3]
12,[2,4],[1,4]
13,[1,4],[2,4]
14,[1,3],[3,4]
15,[1,4],[4,4]
16,[1,5],[5,4]
17,[1,6],[6,4]
18,[1,7],[7,4]
19,[1,8],[7,5]
20,[1,9],[7,6]
21,[1,8],[7,7]
22,[1,7],[7,8]
23,[1,6],[7,9]
24,[1,5],[8,9]
25,[1,4],[9,9]
26,[1,3],[8,9]
27,[1,4],[7,9]
28,[1,5],[7,8]
29,[1,6],[7,7]
30,[1,7],[7,6]
31,[1,8],[7,5]
32,[1,9],[7,4]
33,[2,9],[6,4]
34,[3,9],[5,4]
35,[4,9],[4,4]
36,[5,9],[3,4]
37,[4,9],[2,4]
38,[3,9],[1,4]
39,[2,9],[1,3]
40,[1,9],[1,2]
41,[1,8],[1,1]
42,[1,7],[1,2]
43,[1,6],[1,3]
44,[1,5],[1,4]
45,[1,4],[2,4]
46,[1,3],[3,4]
47,[1,4],[4,4]
48,[1,5],[5,4]
49,[1,6],[6,4]
50,[1,7],[7,4]
51,[1,8],[7,5]
52,[1,9],[7,6]
53,[2,9],[7,7]
54,[3,9],[7,8]
55,[4,9],[7,9]
56,[5,9],[8,9]
57,[4,9],[9,9]
58,[3,9],[8,9]
59,[2,9],[7,9]
60,[1,9],[7,8]
61,[1,8],[7,7]
62,[1,7],[7,6]
63,[1,6],[7,5]
64,[1,5],[7,4]
65,[1,4],[6,4]
66,[1,3],[5,4]
67,[1,4],[4,4]
68,[2,4],[3,4]
69,[3,4],[2,4]
70,[4,4],[1,4]
71,[5,4],[1,3]
72,[6,4],[1,2]
73,[7,4],[1,1]
74,[7,5],[1,2]
75,[7,6],[1,3]
76,[7,7],[1,4]
77,[7,8],[2,4]
78,[8,8],[3,4]
79,[7,8],[4,4]
80,[7,7],[5,4]
81,[7,6],[6,4]
82,[7,5],[7,4]
83,[7,4],[7,5]
84,[6,4],[7,6]
85,[5,4],[7,7]
86,[4,4],[7,8]
87,[3,4],[8,8]
88,[2,4],[7,8]
89,[1,4],[7,7]
90,[1,3],[7,6]
91,[1,2],[7,5]
92,[1,1],[7,4]
93,[1,2],[6,4]
94,[1,3],[5,4]
95,[1,4],[4,4]
96,[2,4],[3,4]
97,[3,4],[2,4]
98,[4,4],[1,4]
99,[5,4],[1,3]
100,[6,4],[1,4]
101,[7,4],[2,4]
102,[7,5],[3,4]
103,[7,6],[4,4]
104,[7,7],[5,4]
105,[7,8],[6,4]
106,[7,9],[7,4]
107,[8,9],[7,5]
108,[9,9],[7,6]
109,[8,9],[7,7]
110,[7,9],[7,8]
111,[7,8],[7,9]
112,[7,7],[8,9]
113,[7,6],[9,9]
114,[7,5],[10,9]
115,[7,4],[11,9]
116,[6,4],[10,9]
117,[5,4],[9,9]
118,[4,4],[9,10]
119,[3,4],[9,11]
120,[2,4],[9,12]
121,[1,4],[8,12]
122,[1,3],[7,12]
123,[1,4],[6,12]
124,[2,4],[5,12]
125,[3,4],[4,12]
126,[4,4],[3,12]
127,[5,4],[3,11]
128,[6,4],[3,10]
129,[7,4],[3,9]
130,[7,5],[4,9]
131,[7,6],[5,9]
132,[7,7],[4,9]
133,[7,8],[3,9]
134,[7,9],[2,9]
135,[8,9],[1,9]
136,[9,9],[1,8]
137,[9,9],[1,7]
138,[9,9],[1,6]
139,[9,9],[1,5]
140,[9,9],[1,4]
141,[9,9],[1,3]
142,[9,9],[1,4]
143,[9,9],[1,5]
144,[9,9],[1,6]
145,[9,9],[1,7]
146,[9,9],[1,8]
147,[9,9],[1,9]
148,[9,9],[2,9]
149,[9,9],[3,9]
150,[9,9],[4,9]
151,[9,9],[5,9]
