//Quantitative values
118	//Makespan
118	//Mission completion time hauler 1
91	//Mission completion time hauler 2
65	//Application execution time (in millisecond)
//Path to the final points
0,[10,9],[7,4]
1,[9,9],[7,5]
2,[9,10],[7,6]
3,[9,11],[8,6]
4,[9,12],[8,7]
5,[8,12],[8,8]
6,[7,12],[8,9]
7,[6,12],[8,8]
8,[5,12],[8,7]
9,[6,12],[8,6]
10,[7,12],[8,7]
11,[8,12],[8,8]
12,[9,12],[8,9]
13,[9,11],[8,10]
14,[9,10],[8,10]
15,[8,10],[9,10]
16,[8,9],[9,11]
17,[8,8],[9,12]
18,[8,7],[8,12]
19,[8,6],[7,12]
20,[8,5],[6,12]
21,[8,4],[5,12]
22,[8,3],[6,12]
23,[8,2],[7,12]
24,[8,1],[8,12]
25,[9,1],[9,12]
26,[10,1],[9,11]
27,[11,1],[9,10]
28,[11,2],[8,10]
29,[11,3],[8,9]
30,[11,4],[8,8]
31,[11,5],[8,7]
32,[11,6],[8,6]
33,[11,7],[8,5]
34,[11,8],[8,4]
35,[11,9],[8,3]
36,[11,10],[8,4]
37,[11,11],[8,5]
38,[10,11],[8,6]
39,[9,11],[8,7]
40,[9,12],[8,8]
41,[8,12],[8,9]
42,[7,12],[8,10]
43,[6,12],[9,10]
44,[5,12],[9,11]
45,[6,12],[9,12]
46,[7,12],[8,12]
47,[8,12],[7,12]
48,[9,12],[6,12]
49,[9,11],[5,12]
50,[9,10],[6,12]
51,[8,10],[7,12]
52,[8,9],[8,12]
53,[8,8],[9,12]
54,[8,7],[9,11]
55,[8,6],[9,10]
56,[8,7],[8,10]
57,[8,8],[8,9]
58,[8,9],[8,8]
59,[8,10],[8,7]
60,[9,10],[8,6]
61,[9,11],[8,5]
62,[9,12],[8,4]
63,[8,12],[8,3]
64,[7,12],[8,2]
65,[6,12],[8,1]
66,[5,12],[9,1]
67,[6,12],[10,1]
68,[7,12],[11,1]
69,[8,12],[10,1]
70,[9,12],[9,1]
71,[9,11],[8,1]
72,[9,10],[8,2]
73,[8,10],[8,3]
74,[8,9],[8,4]
75,[8,8],[8,5]
76,[8,7],[8,6]
77,[8,6],[8,7]
78,[8,5],[8,8]
79,[8,4],[8,9]
80,[8,3],[8,8]
81,[8,4],[8,7]
82,[8,5],[8,6]
83,[8,6],[8,5]
84,[8,7],[8,4]
85,[8,8],[8,3]
86,[8,9],[8,4]
87,[8,10],[8,5]
88,[9,10],[8,6]
89,[9,11],[8,7]
90,[9,12],[8,8]
91,[8,12],[8,9]
92,[7,12],[8,9]
93,[6,12],[8,9]
94,[5,12],[8,9]
95,[6,12],[8,9]
96,[7,12],[8,9]
97,[8,12],[8,9]
98,[9,12],[8,9]
99,[9,11],[8,9]
100,[9,10],[8,9]
101,[8,10],[8,9]
102,[8,9],[8,9]
103,[8,8],[8,9]
104,[8,7],[8,9]
105,[8,6],[8,9]
106,[8,5],[8,9]
107,[8,4],[8,9]
108,[8,3],[8,9]
109,[8,2],[8,9]
110,[8,1],[8,9]
111,[9,1],[8,9]
112,[10,1],[8,9]
113,[11,1],[8,9]
114,[10,1],[8,9]
115,[9,1],[8,9]
116,[8,1],[8,9]
117,[8,2],[8,9]
118,[8,3],[8,9]
