//Quantitative values
92	//Makespan
92	//Mission completion time hauler 1
33	//Application execution time (in millisecond)
//Path to the final points
0,[2,8]
1,[2,9]
2,[2,10]
3,[2,11]
4,[2,12]
5,[3,12]
6,[4,12]
7,[5,12]
8,[6,12]
9,[7,12]
10,[8,12]
11,[9,12]
12,[9,11]
13,[9,10]
14,[10,10]
15,[11,10]
16,[10,10]
17,[9,10]
18,[8,10]
19,[7,10]
20,[7,9]
21,[7,8]
22,[7,7]
23,[7,6]
24,[7,5]
25,[7,4]
26,[6,4]
27,[5,4]
28,[5,3]
29,[5,2]
30,[5,3]
31,[5,4]
32,[6,4]
33,[7,4]
34,[7,5]
35,[7,6]
36,[7,7]
37,[7,8]
38,[7,9]
39,[7,10]
40,[8,10]
41,[9,10]
42,[10,10]
43,[11,10]
44,[11,9]
45,[11,8]
46,[11,7]
47,[11,6]
48,[11,5]
49,[11,4]
50,[12,4]
51,[12,3]
52,[12,2]
53,[11,2]
54,[10,2]
55,[9,2]
56,[8,2]
57,[7,2]
58,[6,2]
59,[5,2]
60,[5,3]
61,[5,4]
62,[6,4]
63,[5,4]
64,[5,3]
65,[5,2]
66,[5,3]
67,[5,4]
68,[6,4]
69,[7,4]
70,[7,5]
71,[7,6]
72,[7,7]
73,[7,8]
74,[7,9]
75,[7,10]
76,[7,9]
77,[7,8]
78,[7,7]
79,[7,6]
80,[7,5]
81,[7,4]
82,[6,4]
83,[6,3]
84,[6,2]
85,[6,3]
86,[6,4]
87,[7,4]
88,[8,4]
89,[9,4]
90,[10,4]
91,[11,4]
92,[12,4]
