//Quantitative values
119	//Makespan
119	//Mission completion time hauler 1
18	//Application execution time (in millisecond)
//Path to the final points
0,[2,4]
1,[2,5]
2,[2,6]
3,[2,7]
4,[3,7]
5,[3,6]
6,[3,5]
7,[4,5]
8,[5,5]
9,[6,5]
10,[7,5]
11,[8,5]
12,[9,5]
13,[10,5]
14,[11,5]
15,[12,5]
16,[11,5]
17,[10,5]
18,[9,5]
19,[8,5]
20,[7,5]
21,[6,5]
22,[5,5]
23,[4,5]
24,[3,5]
25,[3,6]
26,[3,7]
27,[4,7]
28,[5,7]
29,[6,7]
30,[7,7]
31,[8,7]
32,[9,7]
33,[10,7]
34,[11,7]
35,[12,7]
36,[11,7]
37,[10,7]
38,[9,7]
39,[8,7]
40,[8,6]
41,[8,5]
42,[8,6]
43,[8,7]
44,[9,7]
45,[10,7]
46,[11,7]
47,[12,7]
48,[11,7]
49,[10,7]
50,[9,7]
51,[8,7]
52,[7,7]
53,[6,7]
54,[5,7]
55,[4,7]
56,[3,7]
57,[2,7]
58,[1,7]
59,[1,6]
60,[1,5]
61,[2,5]
62,[3,5]
63,[4,5]
64,[5,5]
65,[6,5]
66,[7,5]
67,[8,5]
68,[9,5]
69,[10,5]
70,[11,5]
71,[12,5]
72,[11,5]
73,[10,5]
74,[9,5]
75,[8,5]
76,[7,5]
77,[6,5]
78,[5,5]
79,[4,5]
80,[3,5]
81,[3,6]
82,[3,7]
83,[3,6]
84,[3,5]
85,[4,5]
86,[5,5]
87,[6,5]
88,[7,5]
89,[8,5]
90,[9,5]
91,[10,5]
92,[11,5]
93,[12,5]
94,[11,5]
95,[10,5]
96,[9,5]
97,[8,5]
98,[7,5]
99,[6,5]
100,[5,5]
101,[4,5]
102,[4,6]
103,[4,7]
104,[4,8]
105,[4,9]
106,[4,10]
107,[4,9]
108,[4,8]
109,[4,7]
110,[4,6]
111,[4,5]
112,[5,5]
113,[6,5]
114,[7,5]
115,[8,5]
116,[9,5]
117,[10,5]
118,[11,5]
119,[12,5]
