//Quantitative values
132	//Makespan
132	//Mission completion time hauler 1
25	//Application execution time (in millisecond)
//Path to the final points
0,[5,12]
1,[4,12]
2,[3,12]
3,[2,12]
4,[1,12]
5,[1,11]
6,[1,10]
7,[1,9]
8,[1,8]
9,[1,7]
10,[1,6]
11,[1,5]
12,[1,4]
13,[1,3]
14,[1,2]
15,[1,1]
16,[1,2]
17,[1,3]
18,[1,4]
19,[1,5]
20,[1,6]
21,[1,7]
22,[1,8]
23,[1,9]
24,[1,10]
25,[1,11]
26,[1,12]
27,[2,12]
28,[3,12]
29,[4,12]
30,[5,12]
31,[6,12]
32,[7,12]
33,[8,12]
34,[9,12]
35,[9,11]
36,[9,10]
37,[9,9]
38,[9,8]
39,[9,7]
40,[9,6]
41,[10,6]
42,[9,6]
43,[8,6]
44,[7,6]
45,[7,5]
46,[7,4]
47,[6,4]
48,[5,4]
49,[4,4]
50,[3,4]
51,[2,4]
52,[2,5]
53,[2,6]
54,[2,7]
55,[1,7]
56,[1,6]
57,[1,5]
58,[1,4]
59,[1,3]
60,[1,2]
61,[1,1]
62,[1,2]
63,[1,3]
64,[1,4]
65,[2,4]
66,[3,4]
67,[4,4]
68,[5,4]
69,[6,4]
70,[7,4]
71,[7,5]
72,[7,6]
73,[8,6]
74,[9,6]
75,[10,6]
76,[9,6]
77,[8,6]
78,[7,6]
79,[7,5]
80,[7,4]
81,[6,4]
82,[5,4]
83,[4,4]
84,[3,4]
85,[2,4]
86,[2,5]
87,[2,6]
88,[2,7]
89,[1,7]
90,[1,6]
91,[1,5]
92,[1,4]
93,[1,3]
94,[1,2]
95,[1,1]
96,[1,2]
97,[1,3]
98,[1,4]
99,[1,5]
100,[1,6]
101,[1,7]
102,[1,8]
103,[1,9]
104,[1,10]
105,[1,11]
106,[1,12]
107,[2,12]
108,[3,12]
109,[4,12]
110,[5,12]
111,[6,12]
112,[7,12]
113,[8,12]
114,[9,12]
115,[9,11]
116,[9,10]
117,[8,10]
118,[7,10]
119,[7,9]
120,[7,8]
121,[7,7]
122,[7,6]
123,[7,5]
124,[7,4]
125,[6,4]
126,[5,4]
127,[4,4]
128,[3,4]
129,[2,4]
130,[2,5]
131,[2,6]
132,[2,7]
