//Quantitative values
98	//Makespan
98	//Mission completion time hauler 1
11	//Application execution time (in millisecond)
//Path to the final points
0,[3,9]
1,[3,8]
2,[3,7]
3,[3,6]
4,[3,5]
5,[3,4]
6,[3,3]
7,[4,3]
8,[5,3]
9,[6,3]
10,[7,3]
11,[6,3]
12,[5,3]
13,[4,3]
14,[4,4]
15,[4,5]
16,[4,6]
17,[4,7]
18,[4,8]
19,[4,9]
20,[4,10]
21,[4,9]
22,[4,8]
23,[4,7]
24,[4,6]
25,[4,5]
26,[4,4]
27,[4,3]
28,[5,3]
29,[6,3]
30,[7,3]
31,[7,2]
32,[7,1]
33,[8,1]
34,[7,1]
35,[6,1]
36,[6,2]
37,[6,3]
38,[5,3]
39,[4,3]
40,[3,3]
41,[3,4]
42,[3,5]
43,[3,6]
44,[3,5]
45,[3,4]
46,[3,3]
47,[4,3]
48,[5,3]
49,[6,3]
50,[7,3]
51,[6,3]
52,[5,3]
53,[4,3]
54,[4,4]
55,[4,5]
56,[4,6]
57,[4,7]
58,[4,8]
59,[4,9]
60,[4,10]
61,[4,9]
62,[4,8]
63,[4,7]
64,[4,6]
65,[4,5]
66,[4,4]
67,[4,3]
68,[5,3]
69,[6,3]
70,[7,3]
71,[6,3]
72,[5,3]
73,[4,3]
74,[4,4]
75,[4,5]
76,[4,6]
77,[4,7]
78,[4,8]
79,[4,9]
80,[4,10]
81,[3,10]
82,[2,10]
83,[2,9]
84,[2,8]
85,[2,9]
86,[2,10]
87,[3,10]
88,[3,9]
89,[3,8]
90,[3,7]
91,[3,6]
92,[3,5]
93,[3,4]
94,[3,3]
95,[4,3]
96,[5,3]
97,[6,3]
98,[7,3]
