//Quantitative values
94	//Makespan
94	//Mission completion time hauler 1
22	//Application execution time (in millisecond)
//Path to the final points
0,[12,8]
1,[11,8]
2,[10,8]
3,[9,8]
4,[8,8]
5,[7,8]
6,[7,7]
7,[7,6]
8,[7,5]
9,[7,4]
10,[7,3]
11,[7,2]
12,[7,1]
13,[8,1]
14,[7,1]
15,[7,2]
16,[7,3]
17,[7,4]
18,[7,5]
19,[7,6]
20,[7,7]
21,[7,6]
22,[7,5]
23,[7,4]
24,[7,3]
25,[7,2]
26,[7,1]
27,[8,1]
28,[8,2]
29,[8,3]
30,[7,3]
31,[7,4]
32,[7,5]
33,[7,6]
34,[7,7]
35,[7,8]
36,[7,9]
37,[7,10]
38,[7,9]
39,[7,8]
40,[7,7]
41,[7,8]
42,[7,9]
43,[7,10]
44,[7,9]
45,[7,8]
46,[7,7]
47,[7,6]
48,[7,5]
49,[7,4]
50,[7,3]
51,[8,3]
52,[7,3]
53,[6,3]
54,[5,3]
55,[4,3]
56,[3,3]
57,[3,4]
58,[3,5]
59,[3,6]
60,[3,7]
61,[3,8]
62,[3,9]
63,[3,10]
64,[3,11]
65,[3,10]
66,[3,9]
67,[3,8]
68,[3,7]
69,[3,6]
70,[3,5]
71,[3,4]
72,[3,3]
73,[4,3]
74,[5,3]
75,[6,3]
76,[7,3]
77,[8,3]
78,[8,2]
79,[8,1]
80,[7,1]
81,[7,2]
82,[7,3]
83,[7,4]
84,[7,5]
85,[7,6]
86,[7,7]
87,[6,7]
88,[5,7]
89,[4,7]
90,[3,7]
91,[3,8]
92,[3,9]
93,[3,10]
94,[3,11]
