//Quantitative values
85	//Makespan
85	//Mission completion time hauler 1
21	//Application execution time (in millisecond)
//Path to the final points
0,[11,6]
1,[10,6]
2,[9,6]
3,[8,6]
4,[7,6]
5,[7,5]
6,[6,5]
7,[5,5]
8,[5,6]
9,[5,7]
10,[5,8]
11,[5,9]
12,[5,8]
13,[5,7]
14,[5,6]
15,[5,5]
16,[5,4]
17,[6,4]
18,[7,4]
19,[8,4]
20,[9,4]
21,[10,4]
22,[10,5]
23,[10,6]
24,[11,6]
25,[12,6]
26,[11,6]
27,[10,6]
28,[9,6]
29,[8,6]
30,[7,6]
31,[7,7]
32,[6,7]
33,[5,7]
34,[5,8]
35,[5,9]
36,[5,8]
37,[5,7]
38,[5,6]
39,[5,5]
40,[5,4]
41,[6,4]
42,[7,4]
43,[8,4]
44,[9,4]
45,[10,4]
46,[10,5]
47,[10,6]
48,[11,6]
49,[12,6]
50,[11,6]
51,[10,6]
52,[9,6]
53,[8,6]
54,[7,6]
55,[7,5]
56,[7,6]
57,[7,7]
58,[7,8]
59,[7,9]
60,[7,10]
61,[8,10]
62,[9,10]
63,[10,10]
64,[9,10]
65,[8,10]
66,[7,10]
67,[7,9]
68,[7,8]
69,[7,7]
70,[6,7]
71,[5,7]
72,[5,8]
73,[5,9]
74,[5,8]
75,[5,7]
76,[5,6]
77,[5,5]
78,[6,5]
79,[7,5]
80,[7,6]
81,[8,6]
82,[9,6]
83,[10,6]
84,[11,6]
85,[12,6]
