//Quantitative values
79	//Makespan
79	//Mission completion time hauler 1
39	//Application execution time (in millisecond)
//Path to the final points
0,[2,7]
1,[2,8]
2,[2,9]
3,[2,10]
4,[2,11]
5,[2,12]
6,[3,12]
7,[4,12]
8,[5,12]
9,[6,12]
10,[6,11]
11,[6,10]
12,[7,10]
13,[8,10]
14,[7,10]
15,[6,10]
16,[6,11]
17,[6,12]
18,[5,12]
19,[4,12]
20,[3,12]
21,[3,11]
22,[3,10]
23,[3,9]
24,[3,8]
25,[3,7]
26,[4,7]
27,[3,7]
28,[2,7]
29,[1,7]
30,[1,6]
31,[1,5]
32,[1,4]
33,[1,3]
34,[1,2]
35,[1,1]
36,[1,2]
37,[1,3]
38,[1,4]
39,[1,5]
40,[1,6]
41,[1,7]
42,[1,8]
43,[1,9]
44,[2,9]
45,[3,9]
46,[3,10]
47,[4,10]
48,[5,10]
49,[6,10]
50,[7,10]
51,[8,10]
52,[7,10]
53,[6,10]
54,[5,10]
55,[4,10]
56,[4,11]
57,[4,12]
58,[4,11]
59,[4,10]
60,[5,10]
61,[6,10]
62,[7,10]
63,[8,10]
64,[7,10]
65,[6,10]
66,[5,10]
67,[4,10]
68,[4,9]
69,[4,8]
70,[4,7]
71,[3,7]
72,[4,7]
73,[4,8]
74,[4,9]
75,[4,10]
76,[5,10]
77,[6,10]
78,[7,10]
79,[8,10]
