//Quantitative values
108	//Makespan
108	//Mission completion time hauler 1
39	//Application execution time (in millisecond)
//Path to the final points
0,[9,8]
1,[8,8]
2,[7,8]
3,[6,8]
4,[5,8]
5,[4,8]
6,[4,9]
7,[3,9]
8,[3,10]
9,[3,11]
10,[3,10]
11,[3,9]
12,[4,9]
13,[4,8]
14,[4,7]
15,[4,8]
16,[4,9]
17,[3,9]
18,[3,10]
19,[3,11]
20,[3,10]
21,[3,9]
22,[4,9]
23,[4,8]
24,[4,7]
25,[4,8]
26,[4,9]
27,[3,9]
28,[3,10]
29,[3,11]
30,[3,10]
31,[4,10]
32,[5,10]
33,[6,10]
34,[7,10]
35,[8,10]
36,[9,10]
37,[9,9]
38,[9,8]
39,[8,8]
40,[7,8]
41,[6,8]
42,[5,8]
43,[4,8]
44,[4,7]
45,[3,7]
46,[3,6]
47,[3,5]
48,[3,4]
49,[3,3]
50,[3,2]
51,[3,1]
52,[3,2]
53,[3,3]
54,[3,4]
55,[3,5]
56,[3,6]
57,[3,7]
58,[4,7]
59,[3,7]
60,[3,6]
61,[3,5]
62,[3,4]
63,[3,3]
64,[3,2]
65,[3,1]
66,[3,2]
67,[3,3]
68,[3,4]
69,[3,5]
70,[3,6]
71,[3,7]
72,[4,7]
73,[4,8]
74,[5,8]
75,[6,8]
76,[7,8]
77,[8,8]
78,[9,8]
79,[9,9]
80,[9,10]
81,[8,10]
82,[7,10]
83,[6,10]
84,[5,10]
85,[4,10]
86,[3,10]
87,[3,11]
88,[3,10]
89,[4,10]
90,[5,10]
91,[6,10]
92,[7,10]
93,[8,10]
94,[9,10]
95,[9,9]
96,[9,10]
97,[8,10]
98,[7,10]
99,[6,10]
100,[5,10]
101,[4,10]
102,[3,10]
103,[3,11]
104,[3,10]
105,[3,9]
106,[4,9]
107,[4,8]
108,[4,7]
