//Quantitative values
122	//Makespan
122	//Mission completion time hauler 1
20	//Application execution time (in millisecond)
//Path to the final points
0,[9,1]
1,[8,1]
2,[7,1]
3,[6,1]
4,[5,1]
5,[5,2]
6,[5,3]
7,[5,4]
8,[5,5]
9,[5,6]
10,[5,7]
11,[5,8]
12,[5,9]
13,[5,10]
14,[5,11]
15,[5,12]
16,[6,12]
17,[7,12]
18,[8,12]
19,[9,12]
20,[10,12]
21,[9,12]
22,[8,12]
23,[7,12]
24,[6,12]
25,[5,12]
26,[4,12]
27,[3,12]
28,[2,12]
29,[2,11]
30,[2,10]
31,[2,9]
32,[2,8]
33,[2,7]
34,[2,6]
35,[2,5]
36,[3,5]
37,[4,5]
38,[5,5]
39,[4,5]
40,[3,5]
41,[2,5]
42,[2,6]
43,[2,7]
44,[2,8]
45,[2,9]
46,[2,10]
47,[2,11]
48,[2,12]
49,[3,12]
50,[4,12]
51,[5,12]
52,[6,12]
53,[7,12]
54,[8,12]
55,[9,12]
56,[10,12]
57,[9,12]
58,[8,12]
59,[7,12]
60,[6,12]
61,[5,12]
62,[4,12]
63,[3,12]
64,[2,12]
65,[2,11]
66,[2,10]
67,[2,9]
68,[2,8]
69,[2,7]
70,[2,6]
71,[2,5]
72,[3,5]
73,[4,5]
74,[5,5]
75,[4,5]
76,[3,5]
77,[2,5]
78,[2,6]
79,[2,7]
80,[2,8]
81,[2,9]
82,[2,10]
83,[2,11]
84,[2,12]
85,[3,12]
86,[4,12]
87,[5,12]
88,[6,12]
89,[7,12]
90,[8,12]
91,[9,12]
92,[10,12]
93,[9,12]
94,[8,12]
95,[7,12]
96,[6,12]
97,[5,12]
98,[4,12]
99,[3,12]
100,[2,12]
101,[2,11]
102,[2,10]
103,[2,9]
104,[2,8]
105,[2,7]
106,[2,6]
107,[2,5]
108,[3,5]
109,[4,5]
110,[5,5]
111,[5,6]
112,[5,7]
113,[5,8]
114,[5,9]
115,[5,10]
116,[5,11]
117,[5,12]
118,[6,12]
119,[7,12]
120,[8,12]
121,[9,12]
122,[10,12]
