//Quantitative values
64	//Makespan
64	//Mission completion time hauler 1
16	//Application execution time (in millisecond)
//Path to the final points
0,[4,8]
1,[4,7]
2,[4,6]
3,[4,5]
4,[4,4]
5,[5,4]
6,[6,4]
7,[7,4]
8,[8,4]
9,[9,4]
10,[10,4]
11,[10,5]
12,[10,6]
13,[10,7]
14,[10,8]
15,[10,7]
16,[10,6]
17,[10,5]
18,[10,4]
19,[10,5]
20,[10,6]
21,[10,7]
22,[10,8]
23,[10,7]
24,[10,6]
25,[10,5]
26,[10,4]
27,[10,5]
28,[10,6]
29,[10,7]
30,[10,8]
31,[11,8]
32,[10,8]
33,[10,7]
34,[10,6]
35,[10,5]
36,[10,4]
37,[10,5]
38,[10,6]
39,[10,7]
40,[10,8]
41,[10,7]
42,[10,6]
43,[10,5]
44,[10,4]
45,[10,5]
46,[10,6]
47,[10,7]
48,[10,8]
49,[10,7]
50,[10,6]
51,[10,5]
52,[10,4]
53,[10,5]
54,[10,6]
55,[10,7]
56,[10,8]
57,[10,7]
58,[10,6]
59,[10,5]
60,[10,4]
61,[10,5]
62,[10,6]
63,[10,7]
64,[10,8]
