//Quantitative values
139	//Makespan
139	//Mission completion time hauler 1
44	//Application execution time (in millisecond)
//Path to the final points
0,[9,8]
1,[9,9]
2,[9,8]
3,[8,8]
4,[7,8]
5,[6,8]
6,[5,8]
7,[4,8]
8,[4,7]
9,[3,7]
10,[3,6]
11,[3,5]
12,[3,4]
13,[3,3]
14,[3,2]
15,[3,1]
16,[3,2]
17,[3,3]
18,[3,4]
19,[3,5]
20,[3,6]
21,[3,7]
22,[4,7]
23,[3,7]
24,[3,6]
25,[3,5]
26,[3,4]
27,[3,3]
28,[3,2]
29,[3,1]
30,[3,2]
31,[3,3]
32,[3,4]
33,[3,5]
34,[3,6]
35,[3,7]
36,[4,7]
37,[4,8]
38,[5,8]
39,[6,8]
40,[7,8]
41,[8,8]
42,[9,8]
43,[9,9]
44,[9,10]
45,[8,10]
46,[7,10]
47,[6,10]
48,[5,10]
49,[4,10]
50,[3,10]
51,[3,11]
52,[3,10]
53,[4,10]
54,[5,10]
55,[6,10]
56,[7,10]
57,[8,10]
58,[9,10]
59,[9,9]
60,[9,8]
61,[8,8]
62,[7,8]
63,[6,8]
64,[5,8]
65,[4,8]
66,[4,7]
67,[3,7]
68,[3,6]
69,[3,5]
70,[3,4]
71,[3,3]
72,[3,2]
73,[3,1]
74,[3,2]
75,[3,3]
76,[3,4]
77,[3,5]
78,[3,6]
79,[3,7]
80,[4,7]
81,[3,7]
82,[3,6]
83,[3,5]
84,[3,4]
85,[3,3]
86,[3,2]
87,[3,1]
88,[3,2]
89,[3,3]
90,[3,4]
91,[3,5]
92,[3,6]
93,[3,7]
94,[4,7]
95,[4,8]
96,[4,9]
97,[3,9]
98,[3,10]
99,[3,11]
100,[3,10]
101,[3,9]
102,[4,9]
103,[4,8]
104,[4,7]
105,[3,7]
106,[3,6]
107,[3,5]
108,[3,4]
109,[3,3]
110,[3,2]
111,[3,1]
112,[3,2]
113,[3,3]
114,[3,4]
115,[3,5]
116,[3,6]
117,[3,7]
118,[4,7]
119,[4,8]
120,[5,8]
121,[6,8]
122,[7,8]
123,[8,8]
124,[9,8]
125,[9,9]
126,[9,8]
127,[8,8]
128,[7,8]
129,[6,8]
130,[5,8]
131,[4,8]
132,[4,7]
133,[3,7]
134,[3,6]
135,[3,5]
136,[3,4]
137,[3,3]
138,[3,2]
139,[3,1]
