//Quantitative values
149	//Makespan
149	//Mission completion time hauler 1
49	//Application execution time (in millisecond)
//Path to the final points
0,[9,1]
1,[9,2]
2,[9,3]
3,[9,4]
4,[10,4]
5,[10,5]
6,[10,6]
7,[10,7]
8,[10,8]
9,[10,9]
10,[10,10]
11,[10,11]
12,[10,12]
13,[9,12]
14,[8,12]
15,[7,12]
16,[6,12]
17,[5,12]
18,[4,12]
19,[3,12]
20,[2,12]
21,[2,11]
22,[2,10]
23,[2,9]
24,[3,9]
25,[3,8]
26,[3,7]
27,[3,6]
28,[3,5]
29,[4,5]
30,[5,5]
31,[5,6]
32,[5,7]
33,[5,8]
34,[5,9]
35,[5,10]
36,[5,11]
37,[5,12]
38,[6,12]
39,[7,12]
40,[8,12]
41,[9,12]
42,[10,12]
43,[9,12]
44,[8,12]
45,[7,12]
46,[6,12]
47,[5,12]
48,[5,11]
49,[5,10]
50,[5,9]
51,[5,8]
52,[5,9]
53,[5,10]
54,[5,11]
55,[5,12]
56,[6,12]
57,[7,12]
58,[8,12]
59,[9,12]
60,[10,12]
61,[9,12]
62,[8,12]
63,[7,12]
64,[6,12]
65,[5,12]
66,[4,12]
67,[3,12]
68,[2,12]
69,[2,11]
70,[2,10]
71,[2,9]
72,[2,10]
73,[2,11]
74,[2,12]
75,[3,12]
76,[4,12]
77,[5,12]
78,[6,12]
79,[7,12]
80,[8,12]
81,[9,12]
82,[10,12]
83,[9,12]
84,[8,12]
85,[7,12]
86,[6,12]
87,[5,12]
88,[4,12]
89,[3,12]
90,[2,12]
91,[2,11]
92,[2,10]
93,[2,9]
94,[2,10]
95,[2,11]
96,[2,12]
97,[3,12]
98,[4,12]
99,[5,12]
100,[6,12]
101,[7,12]
102,[8,12]
103,[9,12]
104,[10,12]
105,[9,12]
106,[8,12]
107,[7,12]
108,[6,12]
109,[5,12]
110,[4,12]
111,[3,12]
112,[2,12]
113,[2,11]
114,[2,10]
115,[2,9]
116,[3,9]
117,[3,8]
118,[3,7]
119,[3,6]
120,[3,5]
121,[4,5]
122,[5,5]
123,[4,5]
124,[3,5]
125,[3,6]
126,[3,7]
127,[3,8]
128,[3,9]
129,[2,9]
130,[2,10]
131,[2,11]
132,[2,12]
133,[3,12]
134,[4,12]
135,[5,12]
136,[6,12]
137,[7,12]
138,[8,12]
139,[9,12]
140,[10,12]
141,[9,12]
142,[8,12]
143,[7,12]
144,[6,12]
145,[5,12]
146,[5,11]
147,[5,10]
148,[5,9]
149,[5,8]
