//Quantitative values
46	//Makespan
46	//Mission completion time hauler 1
4	//Application execution time (in millisecond)
//Path to the final points
0,[12,9]
1,[11,9]
2,[10,9]
3,[9,9]
4,[8,9]
5,[7,9]
6,[6,9]
7,[5,9]
8,[4,9]
9,[3,9]
10,[2,9]
11,[2,8]
12,[2,7]
13,[2,6]
14,[2,5]
15,[2,4]
16,[2,3]
17,[2,4]
18,[2,5]
19,[2,6]
20,[3,6]
21,[4,6]
22,[5,6]
23,[6,6]
24,[7,6]
25,[8,6]
26,[9,6]
27,[9,7]
28,[9,8]
29,[9,9]
30,[9,10]
31,[10,10]
32,[11,10]
33,[10,10]
34,[9,10]
35,[8,10]
36,[7,10]
37,[6,10]
38,[5,10]
39,[4,10]
40,[3,10]
41,[2,10]
42,[1,10]
43,[1,9]
44,[1,8]
45,[1,7]
46,[1,6]
