//Quantitative values
46	//Makespan
43	//Mission completion time hauler 1
46	//Mission completion time hauler 2
14	//Application execution time (in millisecond)
//Path to the final points
0,[3,5],[2,5]
1,[2,5],[2,6]
2,[2,4],[2,7]
3,[2,3],[3,7]
4,[2,4],[3,8]
5,[2,5],[3,9]
6,[2,6],[3,10]
7,[3,6],[4,10]
8,[4,6],[5,10]
9,[3,6],[5,9]
10,[2,6],[5,8]
11,[2,5],[5,7]
12,[2,4],[5,6]
13,[2,3],[5,5]
14,[2,4],[6,5]
15,[2,5],[7,5]
16,[2,6],[8,5]
17,[2,7],[9,5]
18,[3,7],[10,5]
19,[3,8],[9,5]
20,[3,9],[8,5]
21,[3,10],[7,5]
22,[4,10],[6,5]
23,[5,10],[5,5]
24,[5,9],[4,5]
25,[5,8],[4,6]
26,[5,7],[4,5]
27,[5,6],[5,5]
28,[5,5],[6,5]
29,[6,5],[7,5]
30,[7,5],[8,5]
31,[8,5],[9,5]
32,[9,5],[10,5]
33,[10,5],[9,5]
34,[9,5],[8,5]
35,[8,5],[7,5]
36,[7,5],[6,5]
37,[6,5],[5,5]
38,[5,5],[4,5]
39,[5,6],[4,6]
40,[5,7],[4,5]
41,[5,8],[5,5]
42,[5,9],[6,5]
43,[5,10],[7,5]
44,[5,10],[8,5]
45,[5,10],[9,5]
46,[5,10],[10,5]
