//Quantitative values
56	//Makespan
56	//Mission completion time hauler 1
8	//Application execution time (in millisecond)
//Path to the final points
0,[8,3]
1,[7,3]
2,[6,3]
3,[5,3]
4,[4,3]
5,[4,4]
6,[4,5]
7,[4,6]
8,[4,7]
9,[4,8]
10,[4,9]
11,[3,9]
12,[2,9]
13,[1,9]
14,[1,8]
15,[1,7]
16,[1,6]
17,[1,5]
18,[1,4]
19,[1,3]
20,[1,2]
21,[1,1]
22,[1,2]
23,[1,3]
24,[1,4]
25,[1,5]
26,[1,6]
27,[1,7]
28,[1,8]
29,[1,9]
30,[2,9]
31,[3,9]
32,[4,9]
33,[4,10]
34,[5,10]
35,[6,10]
36,[7,10]
37,[8,10]
38,[9,10]
39,[10,10]
40,[11,10]
41,[10,10]
42,[9,10]
43,[8,10]
44,[7,10]
45,[6,10]
46,[5,10]
47,[4,10]
48,[4,9]
49,[4,10]
50,[5,10]
51,[6,10]
52,[7,10]
53,[8,10]
54,[9,10]
55,[10,10]
56,[11,10]
