//Quantitative values
157	//Makespan
157	//Mission completion time hauler 1
19	//Application execution time (in millisecond)
//Path to the final points
0,[5,4]
1,[5,5]
2,[6,5]
3,[7,5]
4,[8,5]
5,[9,5]
6,[10,5]
7,[11,5]
8,[10,5]
9,[9,5]
10,[8,5]
11,[7,5]
12,[6,5]
13,[5,5]
14,[4,5]
15,[3,5]
16,[2,5]
17,[2,6]
18,[2,7]
19,[2,8]
20,[2,9]
21,[2,8]
22,[2,7]
23,[2,6]
24,[2,5]
25,[3,5]
26,[4,5]
27,[5,5]
28,[6,5]
29,[7,5]
30,[8,5]
31,[9,5]
32,[10,5]
33,[11,5]
34,[10,5]
35,[9,5]
36,[8,5]
37,[7,5]
38,[6,5]
39,[6,6]
40,[6,7]
41,[6,8]
42,[6,9]
43,[6,10]
44,[6,11]
45,[6,12]
46,[6,11]
47,[6,10]
48,[6,9]
49,[6,8]
50,[6,7]
51,[6,6]
52,[6,5]
53,[7,5]
54,[8,5]
55,[9,5]
56,[10,5]
57,[11,5]
58,[10,5]
59,[9,5]
60,[8,5]
61,[7,5]
62,[6,5]
63,[5,5]
64,[4,5]
65,[3,5]
66,[2,5]
67,[1,5]
68,[1,4]
69,[1,3]
70,[1,2]
71,[1,1]
72,[1,2]
73,[1,3]
74,[1,4]
75,[1,5]
76,[2,5]
77,[3,5]
78,[4,5]
79,[5,5]
80,[6,5]
81,[7,5]
82,[8,5]
83,[9,5]
84,[10,5]
85,[11,5]
86,[10,5]
87,[9,5]
88,[8,5]
89,[7,5]
90,[6,5]
91,[5,5]
92,[4,5]
93,[3,5]
94,[2,5]
95,[1,5]
96,[1,4]
97,[1,3]
98,[1,2]
99,[1,1]
100,[1,2]
101,[1,3]
102,[1,4]
103,[1,5]
104,[1,6]
105,[2,6]
106,[3,6]
107,[4,6]
108,[5,6]
109,[6,6]
110,[7,6]
111,[8,6]
112,[7,6]
113,[6,6]
114,[5,6]
115,[4,6]
116,[3,6]
117,[2,6]
118,[1,6]
119,[1,5]
120,[1,4]
121,[1,3]
122,[1,2]
123,[1,1]
124,[1,2]
125,[1,3]
126,[1,4]
127,[1,5]
128,[1,6]
129,[2,6]
130,[3,6]
131,[4,6]
132,[5,6]
133,[6,6]
134,[7,6]
135,[8,6]
136,[7,6]
137,[6,6]
138,[5,6]
139,[4,6]
140,[3,6]
141,[2,6]
142,[2,7]
143,[2,8]
144,[2,9]
145,[3,9]
146,[4,9]
147,[5,9]
148,[4,9]
149,[3,9]
150,[3,8]
151,[3,7]
152,[3,6]
153,[3,5]
154,[3,4]
155,[3,3]
156,[3,2]
157,[3,1]
