//Quantitative values
111	//Makespan
111	//Mission completion time hauler 1
18	//Application execution time (in millisecond)
//Path to the final points
0,[1,4]
1,[1,3]
2,[1,2]
3,[1,1]
4,[2,1]
5,[3,1]
6,[4,1]
7,[5,1]
8,[6,1]
9,[5,1]
10,[4,1]
11,[3,1]
12,[3,2]
13,[3,3]
14,[3,4]
15,[3,5]
16,[3,6]
17,[3,7]
18,[3,8]
19,[3,9]
20,[3,10]
21,[3,11]
22,[3,10]
23,[3,9]
24,[3,8]
25,[3,7]
26,[3,6]
27,[3,5]
28,[3,4]
29,[3,3]
30,[3,2]
31,[4,2]
32,[4,3]
33,[4,4]
34,[4,5]
35,[4,6]
36,[4,7]
37,[4,8]
38,[5,8]
39,[6,8]
40,[7,8]
41,[8,8]
42,[7,8]
43,[6,8]
44,[5,8]
45,[4,8]
46,[3,8]
47,[2,8]
48,[2,9]
49,[2,10]
50,[2,11]
51,[3,11]
52,[2,11]
53,[2,10]
54,[2,9]
55,[2,8]
56,[2,9]
57,[3,9]
58,[4,9]
59,[4,10]
60,[4,11]
61,[4,12]
62,[5,12]
63,[6,12]
64,[7,12]
65,[8,12]
66,[7,12]
67,[6,12]
68,[5,12]
69,[4,12]
70,[3,12]
71,[2,12]
72,[2,11]
73,[2,10]
74,[2,9]
75,[2,8]
76,[2,7]
77,[2,6]
78,[2,5]
79,[2,4]
80,[2,3]
81,[2,4]
82,[2,5]
83,[2,6]
84,[2,7]
85,[2,8]
86,[3,8]
87,[4,8]
88,[5,8]
89,[6,8]
90,[7,8]
91,[8,8]
92,[7,8]
93,[6,8]
94,[5,8]
95,[4,8]
96,[4,7]
97,[4,6]
98,[4,5]
99,[4,4]
100,[4,3]
101,[4,2]
102,[3,2]
103,[3,3]
104,[3,4]
105,[3,5]
106,[3,6]
107,[3,7]
108,[3,8]
109,[3,9]
110,[3,10]
111,[3,11]
