//Quantitative values
154	//Makespan
154	//Mission completion time hauler 1
33	//Application execution time (in millisecond)
//Path to the final points
0,[7,5]
1,[7,4]
2,[6,4]
3,[5,4]
4,[5,5]
5,[5,6]
6,[5,7]
7,[4,7]
8,[3,7]
9,[2,7]
10,[1,7]
11,[1,6]
12,[1,5]
13,[1,6]
14,[1,7]
15,[2,7]
16,[3,7]
17,[4,7]
18,[5,7]
19,[5,6]
20,[5,5]
21,[5,4]
22,[6,4]
23,[7,4]
24,[7,5]
25,[8,5]
26,[8,6]
27,[8,7]
28,[7,7]
29,[7,8]
30,[7,9]
31,[7,8]
32,[7,7]
33,[8,7]
34,[8,6]
35,[8,5]
36,[7,5]
37,[7,4]
38,[6,4]
39,[5,4]
40,[5,5]
41,[5,6]
42,[5,7]
43,[4,7]
44,[3,7]
45,[2,7]
46,[1,7]
47,[1,6]
48,[1,5]
49,[1,6]
50,[1,7]
51,[1,8]
52,[1,9]
53,[2,9]
54,[3,9]
55,[4,9]
56,[5,9]
57,[4,9]
58,[3,9]
59,[2,9]
60,[1,9]
61,[1,8]
62,[1,7]
63,[1,6]
64,[1,5]
65,[1,6]
66,[1,7]
67,[2,7]
68,[3,7]
69,[4,7]
70,[5,7]
71,[5,6]
72,[5,5]
73,[5,4]
74,[6,4]
75,[7,4]
76,[7,5]
77,[8,5]
78,[8,6]
79,[8,7]
80,[8,8]
81,[8,9]
82,[8,10]
83,[9,10]
84,[10,10]
85,[11,10]
86,[10,10]
87,[9,10]
88,[9,11]
89,[9,12]
90,[8,12]
91,[7,12]
92,[6,12]
93,[5,12]
94,[4,12]
95,[3,12]
96,[3,11]
97,[3,10]
98,[3,9]
99,[4,9]
100,[5,9]
101,[5,8]
102,[5,7]
103,[5,6]
104,[5,5]
105,[5,4]
106,[6,4]
107,[7,4]
108,[7,5]
109,[8,5]
110,[8,6]
111,[8,7]
112,[8,8]
113,[8,9]
114,[9,9]
115,[10,9]
116,[11,9]
117,[10,9]
118,[9,9]
119,[8,9]
120,[8,8]
121,[8,7]
122,[8,6]
123,[8,5]
124,[7,5]
125,[7,4]
126,[6,4]
127,[5,4]
128,[5,5]
129,[5,6]
130,[5,7]
131,[4,7]
132,[4,8]
133,[4,7]
134,[5,7]
135,[5,6]
136,[5,5]
137,[5,4]
138,[6,4]
139,[7,4]
140,[7,5]
141,[8,5]
142,[8,6]
143,[8,7]
144,[7,7]
145,[7,8]
146,[7,9]
147,[8,9]
148,[9,9]
149,[10,9]
150,[11,9]
151,[10,9]
152,[9,9]
153,[8,9]
154,[7,9]
