//Quantitative values
57	//Makespan
57	//Mission completion time hauler 1
15	//Application execution time (in millisecond)
//Path to the final points
0,[5,4]
1,[5,5]
2,[5,6]
3,[4,6]
4,[3,6]
5,[3,7]
6,[3,8]
7,[3,9]
8,[3,10]
9,[3,11]
10,[3,10]
11,[3,9]
12,[3,8]
13,[3,9]
14,[3,8]
15,[3,7]
16,[3,6]
17,[3,5]
18,[3,6]
19,[3,7]
20,[3,8]
21,[3,9]
22,[3,10]
23,[3,11]
24,[3,10]
25,[3,9]
26,[3,8]
27,[3,9]
28,[3,8]
29,[3,7]
30,[3,6]
31,[4,6]
32,[5,6]
33,[6,6]
34,[7,6]
35,[8,6]
36,[9,6]
37,[10,6]
38,[9,6]
39,[8,6]
40,[7,6]
41,[6,6]
42,[5,6]
43,[4,6]
44,[3,6]
45,[3,7]
46,[3,8]
47,[3,9]
48,[3,8]
49,[3,7]
50,[3,6]
51,[4,6]
52,[5,6]
53,[4,6]
54,[3,6]
55,[3,7]
56,[3,8]
57,[3,9]
