//Quantitative values
92	//Makespan
92	//Mission completion time hauler 1
25	//Application execution time (in millisecond)
//Path to the final points
0,[6,4]
1,[6,3]
2,[7,3]
3,[7,4]
4,[7,5]
5,[7,6]
6,[7,7]
7,[7,6]
8,[7,5]
9,[7,4]
10,[7,3]
11,[8,3]
12,[9,3]
13,[10,3]
14,[11,3]
15,[12,3]
16,[11,3]
17,[10,3]
18,[9,3]
19,[8,3]
20,[8,4]
21,[8,5]
22,[8,6]
23,[8,7]
24,[8,8]
25,[8,9]
26,[7,9]
27,[6,9]
28,[5,9]
29,[5,8]
30,[5,9]
31,[6,9]
32,[7,9]
33,[8,9]
34,[8,8]
35,[8,7]
36,[8,6]
37,[8,5]
38,[8,4]
39,[8,3]
40,[9,3]
41,[10,3]
42,[11,3]
43,[12,3]
44,[11,3]
45,[10,3]
46,[9,3]
47,[8,3]
48,[8,4]
49,[8,5]
50,[8,6]
51,[8,7]
52,[8,8]
53,[8,9]
54,[7,9]
55,[7,8]
56,[7,7]
57,[8,7]
58,[7,7]
59,[6,7]
60,[5,7]
61,[4,7]
62,[3,7]
63,[3,8]
64,[3,9]
65,[3,10]
66,[3,9]
67,[3,8]
68,[3,7]
69,[4,7]
70,[5,7]
71,[6,7]
72,[7,7]
73,[6,7]
74,[5,7]
75,[4,7]
76,[3,7]
77,[3,8]
78,[3,9]
79,[3,10]
80,[3,9]
81,[3,8]
82,[3,7]
83,[4,7]
84,[5,7]
85,[6,7]
86,[7,7]
87,[7,8]
88,[7,9]
89,[8,9]
90,[7,9]
91,[7,8]
92,[7,7]
