//Quantitative values
197	//Makespan
197	//Mission completion time hauler 1
25	//Application execution time (in millisecond)
//Path to the final points
0,[7,4]
1,[6,4]
2,[5,4]
3,[4,4]
4,[3,4]
5,[2,4]
6,[1,4]
7,[1,3]
8,[1,4]
9,[1,5]
10,[1,6]
11,[1,7]
12,[1,8]
13,[1,9]
14,[2,9]
15,[3,9]
16,[4,9]
17,[5,9]
18,[6,9]
19,[7,9]
20,[8,9]
21,[9,9]
22,[8,9]
23,[7,9]
24,[6,9]
25,[5,9]
26,[4,9]
27,[3,9]
28,[2,9]
29,[1,9]
30,[1,8]
31,[1,7]
32,[1,6]
33,[1,5]
34,[1,4]
35,[1,3]
36,[1,2]
37,[1,3]
38,[1,4]
39,[1,5]
40,[1,6]
41,[1,7]
42,[1,8]
43,[1,9]
44,[1,10]
45,[1,11]
46,[2,11]
47,[1,11]
48,[1,10]
49,[1,9]
50,[1,8]
51,[1,7]
52,[1,6]
53,[1,5]
54,[1,4]
55,[1,3]
56,[1,2]
57,[1,3]
58,[1,4]
59,[1,5]
60,[1,6]
61,[1,7]
62,[1,8]
63,[1,9]
64,[1,10]
65,[1,11]
66,[2,11]
67,[1,11]
68,[1,10]
69,[1,9]
70,[1,8]
71,[1,7]
72,[1,6]
73,[1,5]
74,[1,4]
75,[1,3]
76,[1,4]
77,[1,5]
78,[2,5]
79,[3,5]
80,[4,5]
81,[5,5]
82,[6,5]
83,[7,5]
84,[7,6]
85,[7,7]
86,[7,8]
87,[7,9]
88,[7,10]
89,[7,11]
90,[7,12]
91,[8,12]
92,[9,12]
93,[10,12]
94,[11,12]
95,[12,12]
96,[11,12]
97,[10,12]
98,[9,12]
99,[8,12]
100,[7,12]
101,[6,12]
102,[5,12]
103,[4,12]
104,[3,12]
105,[2,12]
106,[2,11]
107,[2,10]
108,[2,9]
109,[2,8]
110,[2,7]
111,[2,6]
112,[2,5]
113,[2,4]
114,[2,3]
115,[2,2]
116,[2,1]
117,[2,2]
118,[2,3]
119,[2,4]
120,[2,5]
121,[2,6]
122,[2,7]
123,[2,8]
124,[2,9]
125,[2,10]
126,[3,10]
127,[4,10]
128,[5,10]
129,[6,10]
130,[7,10]
131,[8,10]
132,[9,10]
133,[10,10]
134,[11,10]
135,[12,10]
136,[11,10]
137,[10,10]
138,[9,10]
139,[8,10]
140,[7,10]
141,[6,10]
142,[5,10]
143,[4,10]
144,[3,10]
145,[2,10]
146,[2,9]
147,[2,8]
148,[2,7]
149,[2,6]
150,[2,5]
151,[2,4]
152,[2,3]
153,[2,2]
154,[2,1]
155,[1,1]
156,[1,2]
157,[1,3]
158,[1,4]
159,[1,5]
160,[2,5]
161,[3,5]
162,[4,5]
163,[5,5]
164,[6,5]
165,[7,5]
166,[7,6]
167,[7,7]
168,[7,8]
169,[7,9]
170,[7,10]
171,[7,11]
172,[7,12]
173,[8,12]
174,[9,12]
175,[10,12]
176,[11,12]
177,[12,12]
178,[11,12]
179,[10,12]
180,[9,12]
181,[9,11]
182,[9,10]
183,[9,9]
184,[9,10]
185,[10,10]
186,[11,10]
187,[12,10]
188,[11,10]
189,[10,10]
190,[9,10]
191,[8,10]
192,[7,10]
193,[7,9]
194,[7,8]
195,[7,7]
196,[7,6]
197,[7,5]
