//Quantitative values
131	//Makespan
131	//Mission completion time hauler 1
19	//Application execution time (in millisecond)
//Path to the final points
0,[8,10]
1,[7,10]
2,[7,9]
3,[6,9]
4,[5,9]
5,[4,9]
6,[4,8]
7,[4,7]
8,[4,8]
9,[4,9]
10,[5,9]
11,[6,9]
12,[7,9]
13,[6,9]
14,[5,9]
15,[4,9]
16,[4,8]
17,[4,7]
18,[3,7]
19,[2,7]
20,[2,8]
21,[2,9]
22,[2,10]
23,[2,11]
24,[2,12]
25,[3,12]
26,[4,12]
27,[5,12]
28,[6,12]
29,[7,12]
30,[8,12]
31,[9,12]
32,[8,12]
33,[7,12]
34,[6,12]
35,[5,12]
36,[4,12]
37,[3,12]
38,[2,12]
39,[2,11]
40,[2,10]
41,[2,9]
42,[2,8]
43,[2,9]
44,[2,10]
45,[2,11]
46,[3,11]
47,[4,11]
48,[5,11]
49,[6,11]
50,[7,11]
51,[8,11]
52,[9,11]
53,[10,11]
54,[9,11]
55,[8,11]
56,[7,11]
57,[6,11]
58,[6,10]
59,[6,9]
60,[6,8]
61,[6,7]
62,[6,6]
63,[6,5]
64,[6,4]
65,[6,3]
66,[6,2]
67,[6,3]
68,[6,4]
69,[6,5]
70,[6,6]
71,[6,7]
72,[6,8]
73,[6,9]
74,[6,10]
75,[6,11]
76,[6,12]
77,[7,12]
78,[8,12]
79,[9,12]
80,[8,12]
81,[7,12]
82,[6,12]
83,[6,11]
84,[6,10]
85,[6,9]
86,[6,8]
87,[6,7]
88,[6,6]
89,[6,5]
90,[6,4]
91,[6,3]
92,[6,2]
93,[6,3]
94,[6,4]
95,[6,5]
96,[6,6]
97,[6,7]
98,[6,8]
99,[6,9]
100,[7,9]
101,[6,9]
102,[5,9]
103,[4,9]
104,[4,8]
105,[4,7]
106,[4,8]
107,[4,9]
108,[4,10]
109,[4,11]
110,[5,11]
111,[6,11]
112,[7,11]
113,[8,11]
114,[9,11]
115,[10,11]
116,[9,11]
117,[8,11]
118,[7,11]
119,[6,11]
120,[5,11]
121,[4,11]
122,[3,11]
123,[2,11]
124,[2,10]
125,[2,9]
126,[2,8]
127,[2,7]
128,[2,6]
129,[2,5]
130,[2,4]
131,[2,3]
