//Quantitative values
55	//Makespan
55	//Mission completion time hauler 1
7	//Application execution time (in millisecond)
//Path to the final points
0,[7,1]
1,[7,2]
2,[7,3]
3,[7,4]
4,[7,5]
5,[8,5]
6,[8,6]
7,[8,7]
8,[8,8]
9,[7,8]
10,[6,8]
11,[5,8]
12,[4,8]
13,[3,8]
14,[2,8]
15,[1,8]
16,[1,7]
17,[1,8]
18,[2,8]
19,[3,8]
20,[4,8]
21,[5,8]
22,[6,8]
23,[7,8]
24,[8,8]
25,[7,8]
26,[6,8]
27,[5,8]
28,[4,8]
29,[3,8]
30,[3,9]
31,[3,8]
32,[4,8]
33,[5,8]
34,[6,8]
35,[7,8]
36,[8,8]
37,[7,8]
38,[6,8]
39,[5,8]
40,[5,7]
41,[5,6]
42,[5,5]
43,[5,4]
44,[5,5]
45,[6,5]
46,[7,5]
47,[8,5]
48,[8,6]
49,[9,6]
50,[8,6]
51,[8,5]
52,[7,5]
53,[6,5]
54,[5,5]
55,[5,4]
