//Quantitative values
87	//Makespan
87	//Mission completion time hauler 1
23	//Application execution time (in millisecond)
//Path to the final points
0,[1,12]
1,[1,11]
2,[1,10]
3,[2,10]
4,[3,10]
5,[4,10]
6,[5,10]
7,[6,10]
8,[7,10]
9,[8,10]
10,[8,9]
11,[9,9]
12,[10,9]
13,[9,9]
14,[9,8]
15,[9,7]
16,[8,7]
17,[8,6]
18,[7,6]
19,[6,6]
20,[6,5]
21,[6,4]
22,[6,3]
23,[6,2]
24,[6,1]
25,[7,1]
26,[8,1]
27,[8,2]
28,[9,2]
29,[10,2]
30,[10,3]
31,[10,4]
32,[11,4]
33,[11,5]
34,[11,4]
35,[10,4]
36,[10,3]
37,[10,2]
38,[9,2]
39,[8,2]
40,[8,3]
41,[7,3]
42,[6,3]
43,[5,3]
44,[6,3]
45,[6,4]
46,[6,5]
47,[6,6]
48,[7,6]
49,[8,6]
50,[8,7]
51,[9,7]
52,[9,8]
53,[9,9]
54,[10,9]
55,[9,9]
56,[9,8]
57,[9,7]
58,[8,7]
59,[8,6]
60,[7,6]
61,[6,6]
62,[6,5]
63,[6,4]
64,[6,3]
65,[6,2]
66,[6,3]
67,[6,4]
68,[6,5]
69,[6,6]
70,[7,6]
71,[8,6]
72,[8,7]
73,[9,7]
74,[9,8]
75,[9,9]
76,[10,9]
77,[9,9]
78,[9,8]
79,[9,7]
80,[8,7]
81,[8,6]
82,[7,6]
83,[6,6]
84,[6,5]
85,[6,4]
86,[6,3]
87,[6,2]
