//Quantitative values
44	//Makespan
44	//Mission completion time hauler 1
8	//Application execution time (in millisecond)
//Path to the final points
0,[8,12]
1,[7,12]
2,[6,12]
3,[5,12]
4,[4,12]
5,[3,12]
6,[3,11]
7,[3,10]
8,[2,10]
9,[2,9]
10,[2,8]
11,[2,9]
12,[2,10]
13,[3,10]
14,[4,10]
15,[5,10]
16,[5,9]
17,[6,9]
18,[7,9]
19,[8,9]
20,[9,9]
21,[8,9]
22,[7,9]
23,[6,9]
24,[5,9]
25,[4,9]
26,[4,10]
27,[3,10]
28,[3,11]
29,[3,12]
30,[3,11]
31,[3,10]
32,[4,10]
33,[4,9]
34,[5,9]
35,[6,9]
36,[7,9]
37,[8,9]
38,[9,9]
39,[8,9]
40,[7,9]
41,[6,9]
42,[5,9]
43,[4,9]
44,[4,10]
