//Quantitative values
63	//Makespan
63	//Mission completion time hauler 1
21	//Application execution time (in millisecond)
//Path to the final points
0,[12,9]
1,[11,9]
2,[11,10]
3,[11,9]
4,[10,9]
5,[9,9]
6,[8,9]
7,[7,9]
8,[6,9]
9,[5,9]
10,[4,9]
11,[3,9]
12,[2,9]
13,[2,8]
14,[2,7]
15,[1,7]
16,[1,6]
17,[1,7]
18,[2,7]
19,[2,8]
20,[2,9]
21,[2,10]
22,[1,10]
23,[2,10]
24,[2,9]
25,[2,8]
26,[2,7]
27,[2,6]
28,[2,5]
29,[2,4]
30,[2,3]
31,[2,4]
32,[1,4]
33,[1,5]
34,[1,6]
35,[1,7]
36,[2,7]
37,[2,8]
38,[2,9]
39,[3,9]
40,[4,9]
41,[5,9]
42,[6,9]
43,[7,9]
44,[8,9]
45,[9,9]
46,[10,9]
47,[11,9]
48,[11,10]
49,[11,9]
50,[10,9]
51,[9,9]
52,[8,9]
53,[7,9]
54,[6,9]
55,[5,9]
56,[4,9]
57,[3,9]
58,[2,9]
59,[2,8]
60,[2,7]
61,[2,6]
62,[2,5]
63,[2,4]
