//Quantitative values
107	//Makespan
107	//Mission completion time hauler 1
40	//Application execution time (in millisecond)
//Path to the final points
0,[6,4]
1,[6,5]
2,[6,6]
3,[7,6]
4,[7,7]
5,[7,8]
6,[6,8]
7,[5,8]
8,[5,9]
9,[5,10]
10,[5,11]
11,[5,12]
12,[5,11]
13,[5,10]
14,[5,9]
15,[5,8]
16,[4,8]
17,[4,7]
18,[4,6]
19,[4,5]
20,[4,4]
21,[4,5]
22,[4,6]
23,[4,7]
24,[4,8]
25,[5,8]
26,[5,9]
27,[5,10]
28,[5,11]
29,[5,12]
30,[5,11]
31,[5,10]
32,[5,9]
33,[5,8]
34,[4,8]
35,[4,7]
36,[4,6]
37,[4,5]
38,[4,4]
39,[4,5]
40,[4,6]
41,[4,7]
42,[4,8]
43,[5,8]
44,[5,9]
45,[6,9]
46,[7,9]
47,[8,9]
48,[9,9]
49,[10,9]
50,[9,9]
51,[8,9]
52,[7,9]
53,[6,9]
54,[6,8]
55,[5,8]
56,[5,9]
57,[5,10]
58,[5,11]
59,[5,12]
60,[5,11]
61,[5,10]
62,[5,9]
63,[5,8]
64,[6,8]
65,[6,9]
66,[7,9]
67,[8,9]
68,[9,9]
69,[10,9]
70,[9,9]
71,[8,9]
72,[7,9]
73,[6,9]
74,[5,9]
75,[5,8]
76,[4,8]
77,[4,7]
78,[4,6]
79,[4,5]
80,[4,4]
81,[4,5]
82,[4,6]
83,[4,7]
84,[4,8]
85,[5,8]
86,[5,9]
87,[5,10]
88,[5,11]
89,[5,12]
90,[5,11]
91,[5,10]
92,[5,9]
93,[5,8]
94,[4,8]
95,[4,7]
96,[4,6]
97,[4,5]
98,[4,4]
99,[4,5]
100,[4,6]
101,[4,7]
102,[4,8]
103,[5,8]
104,[5,9]
105,[5,10]
106,[5,11]
107,[5,12]
