//Quantitative values
118	//Makespan
92	//Mission completion time hauler 1
118	//Mission completion time hauler 2
76	//Application execution time (in millisecond)
//Path to the final points
0,[3,5],[2,5]
1,[4,5],[2,6]
2,[5,5],[2,7]
3,[6,5],[3,7]
4,[7,5],[3,8]
5,[8,5],[3,9]
6,[9,5],[3,10]
7,[10,5],[4,10]
8,[9,5],[5,10]
9,[8,5],[4,10]
10,[7,5],[3,10]
11,[6,5],[3,9]
12,[5,5],[3,8]
13,[5,6],[3,7]
14,[5,7],[2,7]
15,[5,8],[2,6]
16,[5,9],[2,5]
17,[5,10],[2,4]
18,[5,9],[2,3]
19,[5,8],[2,4]
20,[5,7],[2,5]
21,[5,6],[2,6]
22,[5,5],[3,6]
23,[6,5],[4,6]
24,[7,5],[3,6]
25,[8,5],[2,6]
26,[9,5],[2,5]
27,[10,5],[2,4]
28,[9,5],[2,3]
29,[8,5],[2,4]
30,[7,5],[2,5]
31,[6,5],[2,6]
32,[5,5],[2,7]
33,[4,5],[3,7]
34,[4,6],[3,8]
35,[3,6],[3,9]
36,[2,6],[3,10]
37,[2,5],[4,10]
38,[2,4],[5,10]
39,[2,3],[5,9]
40,[2,4],[5,8]
41,[2,5],[5,7]
42,[2,6],[5,6]
43,[3,6],[5,5]
44,[4,6],[6,5]
45,[4,5],[7,5]
46,[5,5],[8,5]
47,[6,5],[9,5]
48,[7,5],[10,5]
49,[8,5],[9,5]
50,[9,5],[8,5]
51,[10,5],[7,5]
52,[9,5],[6,5]
53,[8,5],[5,5]
54,[7,5],[5,6]
55,[6,5],[5,7]
56,[5,5],[5,8]
57,[4,5],[5,9]
58,[4,6],[5,10]
59,[3,6],[4,10]
60,[2,6],[3,10]
61,[2,5],[3,9]
62,[2,4],[3,8]
63,[2,3],[3,7]
64,[2,4],[2,7]
65,[2,5],[2,6]
66,[2,6],[2,5]
67,[3,6],[2,4]
68,[4,6],[2,3]
69,[3,6],[2,4]
70,[2,6],[2,5]
71,[2,5],[2,6]
72,[2,4],[2,7]
73,[2,3],[3,7]
74,[2,4],[3,8]
75,[2,5],[3,9]
76,[2,6],[3,10]
77,[3,6],[4,10]
78,[4,6],[5,10]
79,[4,5],[4,10]
80,[5,5],[3,10]
81,[6,5],[3,9]
82,[7,5],[3,8]
83,[8,5],[3,7]
84,[9,5],[2,7]
85,[10,5],[2,6]
86,[9,5],[2,5]
87,[8,5],[2,4]
88,[7,5],[2,3]
89,[6,5],[2,4]
90,[5,5],[2,5]
91,[4,5],[2,6]
92,[4,6],[3,6]
93,[4,6],[4,6]
94,[4,6],[3,6]
95,[4,6],[2,6]
96,[4,6],[2,5]
97,[4,6],[2,4]
98,[4,6],[2,3]
99,[4,6],[2,4]
100,[4,6],[2,5]
101,[4,6],[2,6]
102,[4,6],[2,7]
103,[4,6],[3,7]
104,[4,6],[3,8]
105,[4,6],[3,9]
106,[4,6],[3,10]
107,[4,6],[4,10]
108,[4,6],[5,10]
109,[4,6],[5,9]
110,[4,6],[5,8]
111,[4,6],[5,7]
112,[4,6],[5,6]
113,[4,6],[5,5]
114,[4,6],[6,5]
115,[4,6],[7,5]
116,[4,6],[8,5]
117,[4,6],[9,5]
118,[4,6],[10,5]
