//Quantitative values
128	//Makespan
128	//Mission completion time hauler 1
24	//Application execution time (in millisecond)
//Path to the final points
0,[2,4]
1,[2,5]
2,[2,6]
3,[2,7]
4,[3,7]
5,[4,7]
6,[5,7]
7,[6,7]
8,[7,7]
9,[8,7]
10,[7,7]
11,[6,7]
12,[5,7]
13,[4,7]
14,[3,7]
15,[2,7]
16,[2,8]
17,[2,9]
18,[2,10]
19,[2,11]
20,[2,12]
21,[2,11]
22,[2,10]
23,[2,9]
24,[3,9]
25,[4,9]
26,[5,9]
27,[6,9]
28,[7,9]
29,[7,8]
30,[7,7]
31,[7,6]
32,[7,5]
33,[7,4]
34,[7,3]
35,[7,2]
36,[7,1]
37,[7,2]
38,[7,3]
39,[7,4]
40,[7,5]
41,[7,6]
42,[7,7]
43,[8,7]
44,[7,7]
45,[6,7]
46,[5,7]
47,[4,7]
48,[3,7]
49,[2,7]
50,[2,8]
51,[2,9]
52,[2,10]
53,[2,11]
54,[2,12]
55,[2,11]
56,[2,10]
57,[2,9]
58,[2,8]
59,[2,7]
60,[3,7]
61,[4,7]
62,[5,7]
63,[6,7]
64,[7,7]
65,[8,7]
66,[7,7]
67,[6,7]
68,[5,7]
69,[4,7]
70,[3,7]
71,[2,7]
72,[2,8]
73,[2,9]
74,[2,10]
75,[2,11]
76,[2,12]
77,[2,11]
78,[2,10]
79,[2,9]
80,[2,8]
81,[2,7]
82,[3,7]
83,[4,7]
84,[5,7]
85,[6,7]
86,[7,7]
87,[8,7]
88,[7,7]
89,[7,6]
90,[7,5]
91,[7,4]
92,[7,3]
93,[7,2]
94,[7,1]
95,[7,2]
96,[7,3]
97,[7,4]
98,[7,5]
99,[7,6]
100,[7,7]
101,[7,8]
102,[7,9]
103,[7,8]
104,[7,7]
105,[7,6]
106,[7,5]
107,[7,4]
108,[7,3]
109,[7,2]
110,[7,1]
111,[7,2]
112,[7,3]
113,[7,4]
114,[7,5]
115,[7,6]
116,[7,7]
117,[8,7]
118,[7,7]
119,[6,7]
120,[5,7]
121,[4,7]
122,[3,7]
123,[2,7]
124,[2,8]
125,[2,9]
126,[2,10]
127,[2,11]
128,[2,12]
