//Quantitative values
89	//Makespan
89	//Mission completion time hauler 1
46	//Application execution time (in millisecond)
//Path to the final points
0,[5,8]
1,[5,7]
2,[5,6]
3,[5,5]
4,[5,4]
5,[5,3]
6,[5,2]
7,[6,2]
8,[5,2]
9,[5,3]
10,[5,4]
11,[5,5]
12,[5,6]
13,[5,7]
14,[5,8]
15,[5,9]
16,[5,10]
17,[6,10]
18,[7,10]
19,[8,10]
20,[8,11]
21,[8,10]
22,[7,10]
23,[6,10]
24,[5,10]
25,[5,9]
26,[5,8]
27,[5,7]
28,[5,6]
29,[5,5]
30,[5,4]
31,[5,3]
32,[5,2]
33,[6,2]
34,[5,2]
35,[5,3]
36,[5,4]
37,[5,5]
38,[5,6]
39,[5,7]
40,[5,6]
41,[5,5]
42,[5,4]
43,[5,3]
44,[5,2]
45,[6,2]
46,[5,2]
47,[5,3]
48,[5,4]
49,[5,5]
50,[5,6]
51,[5,7]
52,[5,6]
53,[5,5]
54,[5,4]
55,[5,3]
56,[5,2]
57,[6,2]
58,[6,3]
59,[7,3]
60,[7,4]
61,[7,5]
62,[7,6]
63,[7,7]
64,[7,8]
65,[7,9]
66,[7,10]
67,[8,10]
68,[8,11]
69,[8,10]
70,[7,10]
71,[6,10]
72,[5,10]
73,[5,9]
74,[5,8]
75,[5,7]
76,[5,8]
77,[5,9]
78,[5,10]
79,[6,10]
80,[7,10]
81,[8,10]
82,[8,11]
83,[8,10]
84,[7,10]
85,[6,10]
86,[5,10]
87,[5,9]
88,[5,8]
89,[5,7]
