//Quantitative values
159	//Makespan
159	//Mission completion time hauler 1
138	//Mission completion time hauler 2
76	//Application execution time (in millisecond)
//Path to the final points
0,[8,3],[4,3]
1,[7,3],[4,4]
2,[6,3],[4,5]
3,[5,3],[4,6]
4,[4,3],[4,7]
5,[4,4],[4,8]
6,[4,5],[4,9]
7,[4,6],[4,8]
8,[4,7],[4,8]
9,[4,8],[4,7]
10,[4,9],[4,6]
11,[4,8],[4,5]
12,[4,7],[4,4]
13,[4,6],[4,3]
14,[4,5],[3,3]
15,[4,4],[2,3]
16,[4,3],[2,2]
17,[3,3],[2,1]
18,[2,3],[1,1]
19,[2,2],[2,1]
20,[2,1],[2,2]
21,[1,1],[2,3]
22,[2,1],[3,3]
23,[2,2],[4,3]
24,[2,3],[4,4]
25,[3,3],[4,5]
26,[4,3],[4,6]
27,[4,4],[4,7]
28,[4,5],[4,8]
29,[4,6],[4,9]
30,[4,7],[4,8]
31,[4,8],[4,7]
32,[4,9],[4,6]
33,[4,8],[4,5]
34,[4,7],[4,4]
35,[4,6],[4,3]
36,[4,5],[3,3]
37,[4,4],[2,3]
38,[4,3],[2,2]
39,[3,3],[2,1]
40,[2,3],[1,1]
41,[2,2],[2,1]
42,[2,1],[2,2]
43,[1,1],[2,3]
44,[2,1],[3,3]
45,[2,2],[4,3]
46,[2,3],[4,4]
47,[3,3],[4,5]
48,[4,3],[4,6]
49,[4,4],[4,7]
50,[4,5],[4,8]
51,[4,6],[4,9]
52,[4,7],[4,8]
53,[4,8],[4,7]
54,[4,9],[4,6]
55,[4,8],[4,5]
56,[4,7],[4,4]
57,[4,6],[4,3]
58,[4,5],[3,3]
59,[4,4],[2,3]
60,[4,3],[2,2]
61,[3,3],[2,1]
62,[2,3],[1,1]
63,[2,2],[2,1]
64,[2,1],[2,2]
65,[1,1],[2,3]
66,[2,1],[3,3]
67,[2,2],[4,3]
68,[2,3],[4,4]
69,[3,3],[4,5]
70,[4,3],[4,6]
71,[4,4],[4,7]
72,[4,5],[4,8]
73,[4,6],[5,8]
74,[4,7],[6,8]
75,[4,8],[7,8]
76,[4,9],[8,8]
77,[4,8],[7,8]
78,[4,7],[6,8]
79,[4,6],[5,8]
80,[4,5],[4,8]
81,[4,4],[4,7]
82,[4,3],[4,6]
83,[3,3],[4,5]
84,[2,3],[4,4]
85,[2,2],[4,3]
86,[2,1],[3,3]
87,[1,1],[2,3]
88,[2,1],[2,2]
89,[2,2],[2,1]
90,[2,3],[1,1]
91,[3,3],[2,1]
92,[4,3],[2,2]
93,[4,4],[2,3]
94,[4,5],[3,3]
95,[4,6],[4,3]
96,[4,7],[4,4]
97,[4,8],[4,5]
98,[4,9],[4,6]
99,[4,8],[4,7]
100,[4,7],[4,8]
101,[4,6],[5,8]
102,[4,5],[6,8]
103,[4,4],[7,8]
104,[4,3],[8,8]
105,[3,3],[8,9]
106,[2,3],[8,10]
107,[2,2],[9,10]
108,[2,1],[10,10]
109,[1,1],[11,10]
110,[2,1],[10,10]
111,[2,2],[9,10]
112,[2,3],[8,10]
113,[3,3],[8,9]
114,[4,3],[8,8]
115,[4,4],[8,9]
116,[4,5],[8,10]
117,[4,6],[9,10]
118,[4,7],[10,10]
119,[4,8],[11,10]
120,[5,8],[10,10]
121,[6,8],[9,10]
122,[7,8],[8,10]
123,[8,8],[8,9]
124,[7,8],[8,8]
125,[6,8],[7,8]
126,[5,8],[6,8]
127,[4,8],[5,8]
128,[4,7],[4,8]
129,[4,6],[4,7]
130,[4,5],[4,6]
131,[4,4],[4,5]
132,[4,3],[4,4]
133,[3,3],[4,3]
134,[2,3],[3,3]
135,[2,2],[2,3]
136,[2,1],[2,2]
137,[1,1],[2,1]
138,[2,1],[1,1]
139,[2,2],[1,1]
140,[2,3],[1,1]
141,[3,3],[1,1]
142,[4,3],[1,1]
143,[4,4],[1,1]
144,[4,5],[1,1]
145,[4,6],[1,1]
146,[4,7],[1,1]
147,[4,8],[1,1]
148,[4,9],[1,1]
149,[4,8],[1,1]
150,[4,7],[1,1]
151,[4,6],[1,1]
152,[4,5],[1,1]
153,[4,4],[1,1]
154,[4,3],[1,1]
155,[3,3],[1,1]
156,[2,3],[1,1]
157,[2,2],[1,1]
158,[2,1],[1,1]
159,[1,1],[1,1]
