//Quantitative values
111	//Makespan
111	//Mission completion time hauler 1
42	//Application execution time (in millisecond)
//Path to the final points
0,[6,4]
1,[7,4]
2,[7,5]
3,[7,6]
4,[7,7]
5,[7,8]
6,[7,9]
7,[8,9]
8,[7,9]
9,[7,8]
10,[7,7]
11,[7,8]
12,[7,9]
13,[8,9]
14,[8,10]
15,[9,10]
16,[9,11]
17,[9,12]
18,[10,12]
19,[11,12]
20,[10,12]
21,[9,12]
22,[9,11]
23,[9,10]
24,[8,10]
25,[8,9]
26,[8,10]
27,[9,10]
28,[9,11]
29,[9,12]
30,[10,12]
31,[11,12]
32,[10,12]
33,[9,12]
34,[9,11]
35,[9,10]
36,[8,10]
37,[8,9]
38,[8,8]
39,[8,7]
40,[8,6]
41,[8,5]
42,[8,4]
43,[8,3]
44,[8,2]
45,[9,2]
46,[10,2]
47,[11,2]
48,[12,2]
49,[12,3]
50,[12,4]
51,[12,5]
52,[12,6]
53,[12,7]
54,[12,8]
55,[12,9]
56,[11,9]
57,[10,9]
58,[9,9]
59,[8,9]
60,[8,10]
61,[9,10]
62,[9,11]
63,[9,12]
64,[8,12]
65,[7,12]
66,[6,12]
67,[5,12]
68,[4,12]
69,[3,12]
70,[3,11]
71,[3,10]
72,[3,9]
73,[3,8]
74,[4,8]
75,[5,8]
76,[4,8]
77,[3,8]
78,[3,9]
79,[3,10]
80,[3,11]
81,[3,12]
82,[4,12]
83,[5,12]
84,[6,12]
85,[7,12]
86,[8,12]
87,[9,12]
88,[9,11]
89,[9,10]
90,[8,10]
91,[7,10]
92,[7,9]
93,[7,8]
94,[7,7]
95,[7,6]
96,[7,5]
97,[7,4]
98,[7,3]
99,[7,4]
100,[7,5]
101,[7,6]
102,[7,7]
103,[7,8]
104,[7,9]
105,[7,10]
106,[8,10]
107,[9,10]
108,[9,11]
109,[9,12]
110,[10,12]
111,[11,12]
