//Quantitative values
141	//Makespan
141	//Mission completion time hauler 1
40	//Application execution time (in millisecond)
//Path to the final points
0,[7,4]
1,[7,5]
2,[7,6]
3,[7,7]
4,[7,8]
5,[7,9]
6,[7,10]
7,[8,10]
8,[9,10]
9,[10,10]
10,[11,10]
11,[12,10]
12,[11,10]
13,[10,10]
14,[9,10]
15,[8,10]
16,[7,10]
17,[7,9]
18,[7,8]
19,[7,7]
20,[7,6]
21,[7,5]
22,[7,4]
23,[6,4]
24,[5,4]
25,[5,3]
26,[5,2]
27,[5,1]
28,[4,1]
29,[3,1]
30,[2,1]
31,[1,1]
32,[1,2]
33,[1,3]
34,[1,2]
35,[1,1]
36,[2,1]
37,[3,1]
38,[4,1]
39,[5,1]
40,[5,2]
41,[5,3]
42,[5,4]
43,[6,4]
44,[7,4]
45,[7,5]
46,[7,6]
47,[7,7]
48,[7,8]
49,[7,9]
50,[8,9]
51,[9,9]
52,[9,10]
53,[9,11]
54,[9,12]
55,[10,12]
56,[11,12]
57,[12,12]
58,[11,12]
59,[10,12]
60,[9,12]
61,[9,11]
62,[9,10]
63,[8,10]
64,[7,10]
65,[7,9]
66,[7,8]
67,[7,7]
68,[7,6]
69,[7,5]
70,[7,4]
71,[6,4]
72,[5,4]
73,[5,3]
74,[5,2]
75,[5,1]
76,[4,1]
77,[3,1]
78,[2,1]
79,[1,1]
80,[1,2]
81,[1,1]
82,[2,1]
83,[1,1]
84,[1,2]
85,[1,1]
86,[2,1]
87,[3,1]
88,[4,1]
89,[5,1]
90,[5,2]
91,[5,3]
92,[5,4]
93,[6,4]
94,[7,4]
95,[7,5]
96,[7,4]
97,[6,4]
98,[5,4]
99,[5,3]
100,[5,2]
101,[5,1]
102,[4,1]
103,[3,1]
104,[2,1]
105,[1,1]
106,[1,2]
107,[1,1]
108,[2,1]
109,[3,1]
110,[4,1]
111,[5,1]
112,[5,2]
113,[5,3]
114,[5,4]
115,[6,4]
116,[7,4]
117,[7,5]
118,[7,4]
119,[6,4]
120,[5,4]
121,[5,3]
122,[5,2]
123,[5,1]
124,[4,1]
125,[3,1]
126,[2,1]
127,[1,1]
128,[1,2]
129,[1,3]
130,[1,2]
131,[1,1]
132,[2,1]
133,[3,1]
134,[4,1]
135,[5,1]
136,[5,2]
137,[5,3]
138,[5,4]
139,[6,4]
140,[7,4]
141,[7,5]
