//Quantitative values
143	//Makespan
143	//Mission completion time hauler 1
39	//Application execution time (in millisecond)
//Path to the final points
0,[5,2]
1,[5,3]
2,[5,4]
3,[5,5]
4,[5,6]
5,[5,7]
6,[4,7]
7,[3,7]
8,[3,8]
9,[3,9]
10,[3,10]
11,[3,11]
12,[3,12]
13,[3,11]
14,[3,10]
15,[3,9]
16,[3,8]
17,[3,7]
18,[4,7]
19,[5,7]
20,[5,6]
21,[5,5]
22,[5,4]
23,[5,3]
24,[6,3]
25,[7,3]
26,[6,3]
27,[5,3]
28,[5,4]
29,[5,5]
30,[5,6]
31,[5,7]
32,[4,7]
33,[3,7]
34,[3,8]
35,[3,9]
36,[3,10]
37,[3,11]
38,[3,12]
39,[3,11]
40,[3,10]
41,[3,9]
42,[3,8]
43,[3,7]
44,[4,7]
45,[5,7]
46,[5,6]
47,[5,5]
48,[5,4]
49,[5,3]
50,[6,3]
51,[7,3]
52,[6,3]
53,[5,3]
54,[5,2]
55,[5,1]
56,[4,1]
57,[3,1]
58,[2,1]
59,[1,1]
60,[2,1]
61,[3,1]
62,[4,1]
63,[5,1]
64,[5,2]
65,[5,3]
66,[5,4]
67,[5,5]
68,[5,6]
69,[5,7]
70,[4,7]
71,[3,7]
72,[3,8]
73,[3,9]
74,[3,10]
75,[3,11]
76,[3,12]
77,[3,11]
78,[3,10]
79,[3,9]
80,[3,8]
81,[3,7]
82,[4,7]
83,[5,7]
84,[5,6]
85,[5,5]
86,[5,6]
87,[5,7]
88,[4,7]
89,[3,7]
90,[3,8]
91,[3,9]
92,[3,10]
93,[3,11]
94,[3,12]
95,[3,11]
96,[3,10]
97,[3,9]
98,[3,8]
99,[3,7]
100,[4,7]
101,[5,7]
102,[5,6]
103,[5,5]
104,[5,4]
105,[5,3]
106,[6,3]
107,[7,3]
108,[7,4]
109,[7,5]
110,[7,4]
111,[7,3]
112,[7,2]
113,[7,1]
114,[8,1]
115,[7,1]
116,[6,1]
117,[5,1]
118,[5,2]
119,[5,3]
120,[5,4]
121,[5,5]
122,[5,6]
123,[5,7]
124,[4,7]
125,[3,7]
126,[3,8]
127,[3,9]
128,[3,10]
129,[3,11]
130,[3,12]
131,[3,11]
132,[3,10]
133,[3,9]
134,[3,8]
135,[3,7]
136,[4,7]
137,[5,7]
138,[5,6]
139,[5,5]
140,[5,4]
141,[5,3]
142,[6,3]
143,[7,3]
