//Quantitative values
137	//Makespan
137	//Mission completion time hauler 1
28	//Application execution time (in millisecond)
//Path to the final points
0,[8,10]
1,[7,10]
2,[7,9]
3,[7,8]
4,[7,7]
5,[7,6]
6,[7,5]
7,[7,4]
8,[6,4]
9,[5,4]
10,[5,5]
11,[5,6]
12,[5,7]
13,[4,7]
14,[3,7]
15,[3,8]
16,[3,9]
17,[3,10]
18,[3,11]
19,[3,12]
20,[4,12]
21,[5,12]
22,[6,12]
23,[7,12]
24,[8,12]
25,[9,12]
26,[9,11]
27,[10,11]
28,[9,11]
29,[9,10]
30,[8,10]
31,[7,10]
32,[7,9]
33,[7,8]
34,[7,7]
35,[7,6]
36,[7,5]
37,[7,4]
38,[6,4]
39,[6,3]
40,[6,2]
41,[6,3]
42,[6,4]
43,[7,4]
44,[7,5]
45,[7,6]
46,[7,7]
47,[7,8]
48,[7,9]
49,[7,8]
50,[7,7]
51,[7,6]
52,[7,5]
53,[7,4]
54,[6,4]
55,[5,4]
56,[5,5]
57,[5,6]
58,[5,7]
59,[4,7]
60,[3,7]
61,[3,8]
62,[3,9]
63,[3,10]
64,[3,11]
65,[3,12]
66,[4,12]
67,[5,12]
68,[6,12]
69,[7,12]
70,[8,12]
71,[9,12]
72,[9,11]
73,[10,11]
74,[9,11]
75,[9,12]
76,[8,12]
77,[7,12]
78,[6,12]
79,[5,12]
80,[4,12]
81,[3,12]
82,[2,12]
83,[2,11]
84,[2,10]
85,[2,9]
86,[2,10]
87,[2,11]
88,[2,12]
89,[3,12]
90,[4,12]
91,[5,12]
92,[6,12]
93,[7,12]
94,[8,12]
95,[9,12]
96,[9,11]
97,[10,11]
98,[9,11]
99,[9,10]
100,[8,10]
101,[7,10]
102,[7,9]
103,[7,8]
104,[7,7]
105,[7,6]
106,[7,5]
107,[7,4]
108,[6,4]
109,[6,3]
110,[6,2]
111,[5,2]
112,[5,3]
113,[5,4]
114,[5,5]
115,[5,6]
116,[5,7]
117,[4,7]
118,[3,7]
119,[2,7]
120,[2,8]
121,[2,9]
122,[2,8]
123,[2,7]
124,[3,7]
125,[4,7]
126,[3,7]
127,[3,8]
128,[3,9]
129,[3,10]
130,[3,11]
131,[3,12]
132,[4,12]
133,[5,12]
134,[6,12]
135,[7,12]
136,[8,12]
137,[9,12]
