//Quantitative values
85	//Makespan
85	//Mission completion time hauler 1
17	//Application execution time (in millisecond)
//Path to the final points
0,[11,4]
1,[10,4]
2,[9,4]
3,[8,4]
4,[8,5]
5,[8,6]
6,[8,7]
7,[8,8]
8,[8,9]
9,[7,9]
10,[7,8]
11,[7,7]
12,[8,7]
13,[9,7]
14,[10,7]
15,[11,7]
16,[12,7]
17,[11,7]
18,[10,7]
19,[9,7]
20,[8,7]
21,[7,7]
22,[6,7]
23,[6,8]
24,[6,9]
25,[6,10]
26,[6,11]
27,[6,12]
28,[5,12]
29,[4,12]
30,[4,11]
31,[4,10]
32,[4,9]
33,[4,8]
34,[4,7]
35,[4,6]
36,[4,5]
37,[4,4]
38,[4,5]
39,[4,6]
40,[4,7]
41,[4,8]
42,[4,9]
43,[4,10]
44,[5,10]
45,[6,10]
46,[7,10]
47,[7,9]
48,[7,8]
49,[7,7]
50,[8,7]
51,[9,7]
52,[10,7]
53,[11,7]
54,[12,7]
55,[11,7]
56,[10,7]
57,[9,7]
58,[8,7]
59,[7,7]
60,[8,7]
61,[9,7]
62,[8,7]
63,[7,7]
64,[7,8]
65,[7,9]
66,[7,10]
67,[6,10]
68,[5,10]
69,[4,10]
70,[4,9]
71,[4,8]
72,[4,7]
73,[4,6]
74,[4,5]
75,[4,4]
76,[4,5]
77,[4,6]
78,[4,7]
79,[4,8]
80,[4,9]
81,[4,10]
82,[4,11]
83,[4,12]
84,[5,12]
85,[6,12]
