//Quantitative values
56	//Makespan
56	//Mission completion time hauler 1
32	//Application execution time (in millisecond)
//Path to the final points
0,[8,9]
1,[7,9]
2,[6,9]
3,[5,9]
4,[5,8]
5,[4,8]
6,[4,9]
7,[4,10]
8,[4,9]
9,[4,8]
10,[4,7]
11,[5,7]
12,[5,6]
13,[5,5]
14,[5,4]
15,[5,3]
16,[5,2]
17,[6,2]
18,[5,2]
19,[5,3]
20,[5,4]
21,[5,5]
22,[5,6]
23,[5,7]
24,[6,7]
25,[7,7]
26,[6,7]
27,[5,7]
28,[5,6]
29,[5,5]
30,[5,4]
31,[5,3]
32,[5,2]
33,[6,2]
34,[6,3]
35,[7,3]
36,[8,3]
37,[8,4]
38,[8,5]
39,[8,6]
40,[8,7]
41,[9,7]
42,[10,7]
43,[9,7]
44,[8,7]
45,[7,7]
46,[6,7]
47,[5,7]
48,[5,6]
49,[5,5]
50,[5,6]
51,[5,7]
52,[6,7]
53,[7,7]
54,[8,7]
55,[9,7]
56,[10,7]
