//Quantitative values
108	//Makespan
108	//Mission completion time hauler 1
32	//Application execution time (in millisecond)
//Path to the final points
0,[2,5]
1,[2,4]
2,[3,4]
3,[4,4]
4,[5,4]
5,[6,4]
6,[7,4]
7,[8,4]
8,[9,4]
9,[10,4]
10,[10,5]
11,[10,6]
12,[11,6]
13,[11,7]
14,[11,8]
15,[11,9]
16,[11,10]
17,[11,11]
18,[11,12]
19,[10,12]
20,[9,12]
21,[8,12]
22,[7,12]
23,[6,12]
24,[5,12]
25,[4,12]
26,[3,12]
27,[3,11]
28,[3,10]
29,[3,9]
30,[3,8]
31,[3,7]
32,[3,6]
33,[3,5]
34,[3,4]
35,[2,4]
36,[2,3]
37,[2,4]
38,[3,4]
39,[2,4]
40,[2,3]
41,[2,4]
42,[2,5]
43,[2,6]
44,[2,7]
45,[2,8]
46,[2,9]
47,[2,10]
48,[2,11]
49,[2,12]
50,[3,12]
51,[4,12]
52,[5,12]
53,[6,12]
54,[7,12]
55,[8,12]
56,[9,12]
57,[10,12]
58,[11,12]
59,[10,12]
60,[9,12]
61,[8,12]
62,[7,12]
63,[6,12]
64,[5,12]
65,[4,12]
66,[3,12]
67,[2,12]
68,[2,11]
69,[2,10]
70,[2,9]
71,[2,8]
72,[2,7]
73,[2,6]
74,[2,5]
75,[2,4]
76,[2,3]
77,[2,4]
78,[2,5]
79,[2,6]
80,[2,7]
81,[2,8]
82,[2,9]
83,[2,10]
84,[2,11]
85,[2,12]
86,[3,12]
87,[4,12]
88,[5,12]
89,[6,12]
90,[7,12]
91,[8,12]
92,[9,12]
93,[10,12]
94,[11,12]
95,[11,11]
96,[11,10]
97,[11,9]
98,[11,8]
99,[11,7]
100,[11,6]
101,[10,6]
102,[10,5]
103,[10,4]
104,[9,4]
105,[8,4]
106,[7,4]
107,[6,4]
108,[6,5]
