//Quantitative values
40	//Makespan
40	//Mission completion time hauler 1
4	//Application execution time (in millisecond)
//Path to the final points
0,[8,3]
1,[7,3]
2,[7,4]
3,[7,5]
4,[7,6]
5,[7,7]
6,[7,8]
7,[7,9]
8,[7,10]
9,[8,10]
10,[9,10]
11,[10,10]
12,[11,10]
13,[12,10]
14,[12,9]
15,[12,8]
16,[12,7]
17,[12,6]
18,[12,5]
19,[12,4]
20,[12,3]
21,[12,2]
22,[11,2]
23,[10,2]
24,[9,2]
25,[8,2]
26,[7,2]
27,[6,2]
28,[6,3]
29,[5,3]
30,[5,4]
31,[5,5]
32,[5,6]
33,[5,7]
34,[4,7]
35,[3,7]
36,[2,7]
37,[1,7]
38,[1,8]
39,[1,9]
40,[1,10]
