//Quantitative values
115	//Makespan
115	//Mission completion time hauler 1
21	//Application execution time (in millisecond)
//Path to the final points
0,[4,12]
1,[4,11]
2,[4,10]
3,[4,9]
4,[4,8]
5,[4,7]
6,[4,6]
7,[4,5]
8,[5,5]
9,[6,5]
10,[7,5]
11,[8,5]
12,[7,5]
13,[6,5]
14,[5,5]
15,[5,6]
16,[5,5]
17,[5,4]
18,[5,3]
19,[5,2]
20,[5,3]
21,[5,4]
22,[5,5]
23,[5,6]
24,[5,7]
25,[5,8]
26,[5,9]
27,[5,10]
28,[5,11]
29,[6,11]
30,[7,11]
31,[8,11]
32,[8,10]
33,[8,9]
34,[8,8]
35,[8,7]
36,[8,6]
37,[8,5]
38,[8,6]
39,[8,7]
40,[8,8]
41,[8,9]
42,[8,10]
43,[8,11]
44,[7,11]
45,[6,11]
46,[5,11]
47,[4,11]
48,[3,11]
49,[4,11]
50,[5,11]
51,[6,11]
52,[7,11]
53,[8,11]
54,[7,11]
55,[6,11]
56,[5,11]
57,[4,11]
58,[3,11]
59,[3,10]
60,[3,9]
61,[3,8]
62,[3,7]
63,[3,6]
64,[4,6]
65,[5,6]
66,[4,6]
67,[3,6]
68,[3,7]
69,[3,8]
70,[3,9]
71,[3,10]
72,[3,11]
73,[3,10]
74,[3,9]
75,[3,8]
76,[3,7]
77,[3,6]
78,[4,6]
79,[5,6]
80,[6,6]
81,[7,6]
82,[8,6]
83,[9,6]
84,[8,6]
85,[7,6]
86,[6,6]
87,[5,6]
88,[5,5]
89,[5,4]
90,[5,3]
91,[5,2]
92,[5,3]
93,[5,4]
94,[5,5]
95,[5,6]
96,[6,6]
97,[7,6]
98,[8,6]
99,[9,6]
100,[8,6]
101,[7,6]
102,[6,6]
103,[5,6]
104,[5,5]
105,[5,4]
106,[5,3]
107,[5,2]
108,[5,3]
109,[5,4]
110,[5,5]
111,[5,6]
112,[6,6]
113,[7,6]
114,[8,6]
115,[9,6]
