//Quantitative values
112	//Makespan
112	//Mission completion time hauler 1
18	//Application execution time (in millisecond)
//Path to the final points
0,[7,2]
1,[7,3]
2,[7,4]
3,[7,5]
4,[7,6]
5,[7,7]
6,[7,8]
7,[7,9]
8,[6,9]
9,[5,9]
10,[4,9]
11,[3,9]
12,[2,9]
13,[1,9]
14,[1,8]
15,[1,7]
16,[1,6]
17,[1,5]
18,[1,4]
19,[1,3]
20,[1,2]
21,[1,1]
22,[2,1]
23,[3,1]
24,[4,1]
25,[3,1]
26,[2,1]
27,[1,1]
28,[1,2]
29,[1,3]
30,[1,4]
31,[1,3]
32,[1,2]
33,[1,1]
34,[2,1]
35,[3,1]
36,[4,1]
37,[4,2]
38,[4,3]
39,[5,3]
40,[6,3]
41,[7,3]
42,[8,3]
43,[7,3]
44,[7,4]
45,[7,5]
46,[7,6]
47,[7,7]
48,[7,8]
49,[7,9]
50,[7,8]
51,[7,7]
52,[7,6]
53,[7,5]
54,[7,4]
55,[7,3]
56,[8,3]
57,[7,3]
58,[6,3]
59,[5,3]
60,[4,3]
61,[3,3]
62,[2,3]
63,[1,3]
64,[1,2]
65,[1,1]
66,[1,2]
67,[1,3]
68,[1,4]
69,[1,5]
70,[1,6]
71,[1,7]
72,[1,8]
73,[1,9]
74,[2,9]
75,[3,9]
76,[4,9]
77,[5,9]
78,[6,9]
79,[7,9]
80,[7,8]
81,[7,7]
82,[7,6]
83,[7,5]
84,[7,4]
85,[7,3]
86,[8,3]
87,[7,3]
88,[6,3]
89,[5,3]
90,[4,3]
91,[4,2]
92,[4,1]
93,[4,2]
94,[4,3]
95,[5,3]
96,[6,3]
97,[7,3]
98,[8,3]
99,[7,3]
100,[7,4]
101,[7,5]
102,[7,6]
103,[7,7]
104,[7,8]
105,[7,9]
106,[6,9]
107,[5,9]
108,[4,9]
109,[3,9]
110,[2,9]
111,[1,9]
112,[1,10]
