//Quantitative values
123	//Makespan
123	//Mission completion time hauler 1
17	//Application execution time (in millisecond)
//Path to the final points
0,[3,8]
1,[3,9]
2,[3,10]
3,[3,11]
4,[3,12]
5,[3,11]
6,[3,10]
7,[3,9]
8,[4,9]
9,[5,9]
10,[6,9]
11,[7,9]
12,[8,9]
13,[9,9]
14,[9,10]
15,[10,10]
16,[9,10]
17,[8,10]
18,[7,10]
19,[6,10]
20,[6,9]
21,[6,8]
22,[6,7]
23,[6,6]
24,[6,7]
25,[7,7]
26,[8,7]
27,[9,7]
28,[10,7]
29,[11,7]
30,[10,7]
31,[9,7]
32,[8,7]
33,[7,7]
34,[6,7]
35,[5,7]
36,[5,8]
37,[5,9]
38,[5,10]
39,[5,9]
40,[5,8]
41,[5,7]
42,[6,7]
43,[7,7]
44,[8,7]
45,[9,7]
46,[10,7]
47,[11,7]
48,[10,7]
49,[9,7]
50,[8,7]
51,[7,7]
52,[6,7]
53,[6,6]
54,[5,6]
55,[4,6]
56,[3,6]
57,[3,7]
58,[3,8]
59,[3,9]
60,[3,10]
61,[3,11]
62,[3,12]
63,[3,11]
64,[3,10]
65,[3,9]
66,[3,8]
67,[3,7]
68,[3,6]
69,[4,6]
70,[5,6]
71,[6,6]
72,[6,5]
73,[6,4]
74,[6,3]
75,[6,2]
76,[6,1]
77,[7,1]
78,[8,1]
79,[9,1]
80,[10,1]
81,[11,1]
82,[10,1]
83,[9,1]
84,[8,1]
85,[7,1]
86,[6,1]
87,[6,2]
88,[6,3]
89,[6,4]
90,[6,5]
91,[6,6]
92,[6,5]
93,[6,4]
94,[6,3]
95,[6,2]
96,[6,1]
97,[7,1]
98,[8,1]
99,[9,1]
100,[10,1]
101,[11,1]
102,[10,1]
103,[9,1]
104,[8,1]
105,[7,1]
106,[6,1]
107,[5,1]
108,[5,2]
109,[5,3]
110,[5,4]
111,[5,5]
112,[5,6]
113,[5,7]
114,[5,8]
115,[5,9]
116,[5,10]
117,[6,10]
118,[7,10]
119,[8,10]
120,[9,10]
121,[10,10]
122,[9,10]
123,[9,9]
