//Quantitative values
125	//Makespan
125	//Mission completion time hauler 1
17	//Application execution time (in millisecond)
//Path to the final points
0,[1,3]
1,[1,2]
2,[1,1]
3,[2,1]
4,[2,2]
5,[3,2]
6,[4,2]
7,[5,2]
8,[6,2]
9,[7,2]
10,[8,2]
11,[9,2]
12,[9,3]
13,[10,3]
14,[10,4]
15,[10,5]
16,[10,6]
17,[11,6]
18,[12,6]
19,[11,6]
20,[10,6]
21,[9,6]
22,[9,5]
23,[9,4]
24,[9,5]
25,[9,6]
26,[10,6]
27,[11,6]
28,[12,6]
29,[11,6]
30,[10,6]
31,[10,5]
32,[10,4]
33,[10,3]
34,[10,4]
35,[10,5]
36,[10,6]
37,[11,6]
38,[12,6]
39,[11,6]
40,[10,6]
41,[9,6]
42,[9,5]
43,[9,4]
44,[9,3]
45,[9,2]
46,[8,2]
47,[7,2]
48,[6,2]
49,[5,2]
50,[4,2]
51,[3,2]
52,[2,2]
53,[2,1]
54,[2,2]
55,[3,2]
56,[3,3]
57,[3,4]
58,[3,5]
59,[3,6]
60,[3,7]
61,[3,8]
62,[3,9]
63,[4,9]
64,[5,9]
65,[6,9]
66,[7,9]
67,[8,9]
68,[8,10]
69,[9,10]
70,[10,10]
71,[10,11]
72,[11,11]
73,[10,11]
74,[10,10]
75,[9,10]
76,[8,10]
77,[8,9]
78,[7,9]
79,[6,9]
80,[5,9]
81,[4,9]
82,[3,9]
83,[3,8]
84,[3,7]
85,[3,6]
86,[3,5]
87,[3,4]
88,[3,3]
89,[3,2]
90,[2,2]
91,[2,1]
92,[2,2]
93,[3,2]
94,[3,3]
95,[3,4]
96,[3,5]
97,[3,6]
98,[4,6]
99,[5,6]
100,[6,6]
101,[7,6]
102,[8,6]
103,[9,6]
104,[10,6]
105,[11,6]
106,[12,6]
107,[11,6]
108,[10,6]
109,[9,6]
110,[9,5]
111,[9,4]
112,[9,5]
113,[8,5]
114,[8,6]
115,[7,6]
116,[7,7]
117,[7,8]
118,[7,7]
119,[7,6]
120,[8,6]
121,[8,5]
122,[9,5]
123,[9,4]
124,[9,3]
125,[10,3]
