//Quantitative values
132	//Makespan
132	//Mission completion time hauler 1
46	//Application execution time (in millisecond)
//Path to the final points
0,[7,9]
1,[7,8]
2,[7,7]
3,[8,7]
4,[9,7]
5,[9,6]
6,[9,5]
7,[9,4]
8,[9,3]
9,[9,2]
10,[9,1]
11,[8,1]
12,[7,1]
13,[7,2]
14,[7,3]
15,[7,4]
16,[7,5]
17,[7,6]
18,[7,7]
19,[7,8]
20,[7,9]
21,[7,10]
22,[7,11]
23,[7,10]
24,[7,9]
25,[7,8]
26,[7,7]
27,[7,6]
28,[7,5]
29,[7,4]
30,[7,3]
31,[7,2]
32,[7,1]
33,[8,1]
34,[9,1]
35,[9,2]
36,[9,3]
37,[9,4]
38,[9,5]
39,[9,6]
40,[9,7]
41,[8,7]
42,[7,7]
43,[6,7]
44,[5,7]
45,[4,7]
46,[3,7]
47,[3,8]
48,[3,9]
49,[3,10]
50,[3,11]
51,[3,10]
52,[3,9]
53,[3,8]
54,[3,7]
55,[4,7]
56,[5,7]
57,[6,7]
58,[7,7]
59,[8,7]
60,[9,7]
61,[9,6]
62,[9,5]
63,[9,4]
64,[9,3]
65,[9,2]
66,[9,1]
67,[8,1]
68,[7,1]
69,[7,2]
70,[7,3]
71,[7,4]
72,[7,5]
73,[7,6]
74,[7,7]
75,[7,8]
76,[7,9]
77,[7,10]
78,[7,11]
79,[7,10]
80,[7,9]
81,[7,8]
82,[7,7]
83,[7,6]
84,[7,5]
85,[7,4]
86,[7,3]
87,[7,2]
88,[7,1]
89,[8,1]
90,[9,1]
91,[8,1]
92,[7,1]
93,[7,2]
94,[7,3]
95,[7,4]
96,[7,5]
97,[7,6]
98,[7,7]
99,[7,8]
100,[7,9]
101,[7,10]
102,[7,9]
103,[7,8]
104,[7,7]
105,[7,6]
106,[7,5]
107,[7,4]
108,[7,3]
109,[8,3]
110,[8,4]
111,[8,5]
112,[9,5]
113,[9,6]
114,[9,7]
115,[9,8]
116,[9,9]
117,[9,10]
118,[8,10]
119,[7,10]
120,[6,10]
121,[5,10]
122,[4,10]
123,[3,10]
124,[3,11]
125,[4,11]
126,[5,11]
127,[6,11]
128,[7,11]
129,[6,11]
130,[5,11]
131,[4,11]
132,[3,11]
