//Quantitative values
127	//Makespan
127	//Mission completion time hauler 1
21	//Application execution time (in millisecond)
//Path to the final points
0,[6,4]
1,[5,4]
2,[5,5]
3,[5,6]
4,[5,7]
5,[5,8]
6,[4,8]
7,[3,8]
8,[3,9]
9,[3,10]
10,[3,9]
11,[3,8]
12,[3,7]
13,[4,7]
14,[5,7]
15,[6,7]
16,[7,7]
17,[8,7]
18,[8,8]
19,[8,9]
20,[8,10]
21,[8,11]
22,[8,12]
23,[9,12]
24,[10,12]
25,[11,12]
26,[10,12]
27,[9,12]
28,[8,12]
29,[7,12]
30,[6,12]
31,[5,12]
32,[4,12]
33,[3,12]
34,[3,11]
35,[3,10]
36,[3,11]
37,[3,12]
38,[4,12]
39,[5,12]
40,[6,12]
41,[7,12]
42,[8,12]
43,[9,12]
44,[10,12]
45,[11,12]
46,[10,12]
47,[9,12]
48,[8,12]
49,[7,12]
50,[7,11]
51,[7,10]
52,[7,9]
53,[7,8]
54,[7,7]
55,[7,6]
56,[7,5]
57,[7,4]
58,[7,3]
59,[8,3]
60,[9,3]
61,[10,3]
62,[11,3]
63,[12,3]
64,[11,3]
65,[10,3]
66,[9,3]
67,[8,3]
68,[7,3]
69,[6,3]
70,[5,3]
71,[4,3]
72,[3,3]
73,[3,4]
74,[3,5]
75,[3,6]
76,[3,7]
77,[3,8]
78,[3,9]
79,[3,10]
80,[3,9]
81,[3,8]
82,[3,7]
83,[3,6]
84,[3,5]
85,[3,4]
86,[3,3]
87,[4,3]
88,[5,3]
89,[6,3]
90,[7,3]
91,[8,3]
92,[9,3]
93,[10,3]
94,[11,3]
95,[12,3]
96,[11,3]
97,[10,3]
98,[9,3]
99,[8,3]
100,[8,4]
101,[8,5]
102,[8,6]
103,[8,7]
104,[7,7]
105,[6,7]
106,[5,7]
107,[4,7]
108,[3,7]
109,[3,8]
110,[3,9]
111,[3,10]
112,[3,11]
113,[3,12]
114,[4,12]
115,[5,12]
116,[6,12]
117,[7,12]
118,[8,12]
119,[9,12]
120,[10,12]
121,[11,12]
122,[10,12]
123,[9,12]
124,[8,12]
125,[8,11]
126,[8,10]
127,[8,9]
