//Quantitative values
139	//Makespan
139	//Mission completion time hauler 1
18	//Application execution time (in millisecond)
//Path to the final points
0,[8,10]
1,[7,10]
2,[7,9]
3,[6,9]
4,[6,8]
5,[6,7]
6,[6,6]
7,[6,5]
8,[6,4]
9,[6,3]
10,[6,2]
11,[6,3]
12,[6,4]
13,[6,5]
14,[6,6]
15,[6,7]
16,[6,8]
17,[6,9]
18,[6,10]
19,[6,11]
20,[6,12]
21,[7,12]
22,[8,12]
23,[9,12]
24,[8,12]
25,[7,12]
26,[6,12]
27,[5,12]
28,[4,12]
29,[4,11]
30,[4,10]
31,[4,9]
32,[4,8]
33,[4,7]
34,[4,8]
35,[4,9]
36,[5,9]
37,[6,9]
38,[7,9]
39,[6,9]
40,[5,9]
41,[4,9]
42,[3,9]
43,[2,9]
44,[2,8]
45,[2,7]
46,[2,6]
47,[2,5]
48,[2,4]
49,[2,3]
50,[2,4]
51,[2,5]
52,[2,6]
53,[2,7]
54,[2,8]
55,[2,9]
56,[2,10]
57,[2,11]
58,[3,11]
59,[4,11]
60,[5,11]
61,[6,11]
62,[7,11]
63,[8,11]
64,[9,11]
65,[10,11]
66,[9,11]
67,[8,11]
68,[7,11]
69,[6,11]
70,[5,11]
71,[4,11]
72,[3,11]
73,[2,11]
74,[2,10]
75,[2,9]
76,[2,10]
77,[2,11]
78,[2,12]
79,[3,12]
80,[4,12]
81,[5,12]
82,[6,12]
83,[7,12]
84,[8,12]
85,[9,12]
86,[8,12]
87,[7,12]
88,[6,12]
89,[6,11]
90,[6,10]
91,[6,9]
92,[6,8]
93,[6,7]
94,[6,6]
95,[6,5]
96,[6,4]
97,[6,3]
98,[6,2]
99,[6,3]
100,[6,4]
101,[6,5]
102,[6,6]
103,[6,7]
104,[6,8]
105,[6,9]
106,[6,10]
107,[6,11]
108,[6,12]
109,[7,12]
110,[8,12]
111,[9,12]
112,[8,12]
113,[7,12]
114,[6,12]
115,[5,12]
116,[4,12]
117,[4,11]
118,[4,10]
119,[4,9]
120,[4,8]
121,[4,7]
122,[3,7]
123,[2,7]
124,[2,8]
125,[2,7]
126,[2,6]
127,[2,5]
128,[2,4]
129,[2,3]
130,[2,4]
131,[2,5]
132,[2,6]
133,[2,7]
134,[2,8]
135,[2,7]
136,[2,6]
137,[2,5]
138,[2,4]
139,[2,3]
