//Quantitative values
116	//Makespan
116	//Mission completion time hauler 1
38	//Application execution time (in millisecond)
//Path to the final points
0,[7,4]
1,[6,4]
2,[5,4]
3,[5,3]
4,[5,2]
5,[5,1]
6,[4,1]
7,[3,1]
8,[2,1]
9,[1,1]
10,[1,2]
11,[1,3]
12,[1,2]
13,[1,1]
14,[2,1]
15,[3,1]
16,[4,1]
17,[5,1]
18,[5,2]
19,[5,3]
20,[5,4]
21,[6,4]
22,[7,4]
23,[7,5]
24,[7,4]
25,[6,4]
26,[5,4]
27,[5,3]
28,[5,2]
29,[5,1]
30,[4,1]
31,[3,1]
32,[2,1]
33,[1,1]
34,[1,2]
35,[1,1]
36,[2,1]
37,[3,1]
38,[4,1]
39,[5,1]
40,[5,2]
41,[5,3]
42,[5,4]
43,[6,4]
44,[7,4]
45,[7,5]
46,[7,4]
47,[6,4]
48,[5,4]
49,[5,3]
50,[5,2]
51,[5,1]
52,[4,1]
53,[3,1]
54,[2,1]
55,[1,1]
56,[1,2]
57,[1,3]
58,[1,4]
59,[1,5]
60,[1,6]
61,[1,7]
62,[1,8]
63,[1,9]
64,[1,10]
65,[1,11]
66,[2,11]
67,[2,12]
68,[3,12]
69,[4,12]
70,[5,12]
71,[6,12]
72,[7,12]
73,[8,12]
74,[9,12]
75,[9,11]
76,[9,10]
77,[10,10]
78,[11,10]
79,[12,10]
80,[11,10]
81,[10,10]
82,[9,10]
83,[8,10]
84,[7,10]
85,[7,9]
86,[7,8]
87,[7,7]
88,[7,6]
89,[7,5]
90,[7,4]
91,[6,4]
92,[5,4]
93,[5,3]
94,[5,2]
95,[5,1]
96,[4,1]
97,[3,1]
98,[2,1]
99,[1,1]
100,[1,2]
101,[1,3]
102,[1,2]
103,[1,1]
104,[2,1]
105,[1,1]
106,[1,2]
107,[1,3]
108,[1,4]
109,[1,5]
110,[1,6]
111,[1,7]
112,[1,8]
113,[1,9]
114,[1,10]
115,[1,11]
116,[2,11]
