//Quantitative values
59	//Makespan
59	//Mission completion time hauler 1
15	//Application execution time (in millisecond)
//Path to the final points
0,[8,10]
1,[7,10]
2,[6,10]
3,[5,10]
4,[4,10]
5,[3,10]
6,[2,10]
7,[2,9]
8,[2,8]
9,[2,9]
10,[3,9]
11,[4,9]
12,[5,9]
13,[6,9]
14,[7,9]
15,[6,9]
16,[5,9]
17,[4,9]
18,[3,9]
19,[2,9]
20,[2,8]
21,[2,7]
22,[3,7]
23,[4,7]
24,[3,7]
25,[2,7]
26,[2,8]
27,[2,7]
28,[3,7]
29,[4,7]
30,[4,8]
31,[4,9]
32,[4,10]
33,[4,11]
34,[4,12]
35,[5,12]
36,[6,12]
37,[7,12]
38,[8,12]
39,[9,12]
40,[8,12]
41,[7,12]
42,[6,12]
43,[5,12]
44,[4,12]
45,[4,11]
46,[4,10]
47,[4,9]
48,[4,8]
49,[4,7]
50,[4,8]
51,[4,9]
52,[4,10]
53,[4,11]
54,[4,12]
55,[5,12]
56,[6,12]
57,[7,12]
58,[8,12]
59,[9,12]
