//Quantitative values
31	//Makespan
31	//Mission completion time hauler 1
21	//Mission completion time hauler 2
23	//Application execution time (in millisecond)
//Path to the final points
0,[6,4],[8,12]
1,[5,4],[7,12]
2,[4,4],[6,12]
3,[4,5],[6,11]
4,[4,6],[6,10]
5,[4,7],[6,9]
6,[4,8],[6,8]
7,[5,8],[6,9]
8,[5,9],[7,9]
9,[5,10],[8,9]
10,[5,11],[9,9]
11,[5,12],[10,9]
12,[5,11],[9,9]
13,[5,10],[8,9]
14,[5,9],[7,9]
15,[5,8],[6,9]
16,[4,8],[6,8]
17,[4,7],[6,9]
18,[4,6],[7,9]
19,[4,5],[8,9]
20,[4,4],[9,9]
21,[4,5],[10,9]
22,[4,6],[10,9]
23,[4,7],[10,9]
24,[4,8],[10,9]
25,[5,8],[10,9]
26,[5,9],[10,9]
27,[6,9],[10,9]
28,[7,9],[10,9]
29,[8,9],[10,9]
30,[9,9],[10,9]
31,[10,9],[10,9]
