//Quantitative values
22	//Makespan
22	//Mission completion time hauler 1
19	//Mission completion time hauler 2
8	//Application execution time (in millisecond)
//Path to the final points
0,[5,8],[6,7]
1,[5,7],[5,7]
2,[5,6],[5,8]
3,[5,5],[5,9]
4,[5,4],[5,10]
5,[5,3],[6,10]
6,[5,2],[7,10]
7,[6,2],[8,10]
8,[6,3],[8,11]
9,[7,3],[8,10]
10,[7,4],[7,10]
11,[7,5],[7,9]
12,[7,6],[7,8]
13,[7,5],[7,7]
14,[7,4],[7,6]
15,[7,3],[7,5]
16,[6,3],[7,4]
17,[6,2],[7,3]
18,[6,3],[6,3]
19,[7,3],[6,2]
20,[7,4],[6,2]
21,[7,5],[6,2]
22,[7,6],[6,2]
