//Quantitative values
105	//Makespan
105	//Mission completion time hauler 1
29	//Application execution time (in millisecond)
//Path to the final points
0,[6,4]
1,[6,5]
2,[6,6]
3,[6,7]
4,[6,8]
5,[5,8]
6,[5,9]
7,[5,10]
8,[5,11]
9,[5,12]
10,[4,12]
11,[4,11]
12,[4,10]
13,[4,9]
14,[4,8]
15,[4,7]
16,[4,6]
17,[4,5]
18,[4,4]
19,[4,5]
20,[4,6]
21,[4,7]
22,[4,8]
23,[4,9]
24,[4,10]
25,[4,11]
26,[4,12]
27,[5,12]
28,[4,12]
29,[4,11]
30,[4,10]
31,[4,9]
32,[4,8]
33,[4,7]
34,[4,6]
35,[4,5]
36,[4,4]
37,[4,5]
38,[4,6]
39,[4,7]
40,[4,8]
41,[4,9]
42,[5,9]
43,[6,9]
44,[7,9]
45,[8,9]
46,[9,9]
47,[10,9]
48,[9,9]
49,[8,9]
50,[7,9]
51,[6,9]
52,[6,8]
53,[5,8]
54,[5,9]
55,[5,10]
56,[5,11]
57,[5,12]
58,[5,11]
59,[5,10]
60,[5,9]
61,[5,8]
62,[6,8]
63,[6,9]
64,[7,9]
65,[8,9]
66,[9,9]
67,[10,9]
68,[9,9]
69,[8,9]
70,[7,9]
71,[6,9]
72,[5,9]
73,[4,9]
74,[4,8]
75,[4,7]
76,[4,6]
77,[4,5]
78,[4,4]
79,[4,5]
80,[4,6]
81,[4,7]
82,[4,8]
83,[4,9]
84,[4,10]
85,[4,11]
86,[4,12]
87,[5,12]
88,[4,12]
89,[4,11]
90,[4,10]
91,[4,9]
92,[4,8]
93,[4,7]
94,[4,6]
95,[4,5]
96,[4,4]
97,[4,5]
98,[4,6]
99,[4,7]
100,[4,8]
101,[4,9]
102,[4,10]
103,[4,11]
104,[4,12]
105,[5,12]
