//Quantitative values
92	//Makespan
92	//Mission completion time hauler 1
38	//Application execution time (in millisecond)
//Path to the final points
0,[3,5]
1,[4,5]
2,[5,5]
3,[6,5]
4,[7,5]
5,[8,5]
6,[9,5]
7,[10,5]
8,[9,5]
9,[8,5]
10,[7,5]
11,[6,5]
12,[5,5]
13,[5,6]
14,[5,7]
15,[5,8]
16,[5,9]
17,[5,10]
18,[5,9]
19,[5,8]
20,[5,7]
21,[5,6]
22,[5,5]
23,[6,5]
24,[7,5]
25,[8,5]
26,[9,5]
27,[10,5]
28,[9,5]
29,[8,5]
30,[7,5]
31,[6,5]
32,[5,5]
33,[4,5]
34,[4,6]
35,[3,6]
36,[2,6]
37,[2,5]
38,[2,4]
39,[2,3]
40,[2,4]
41,[2,5]
42,[2,6]
43,[3,6]
44,[4,6]
45,[4,5]
46,[5,5]
47,[6,5]
48,[7,5]
49,[8,5]
50,[9,5]
51,[10,5]
52,[9,5]
53,[8,5]
54,[7,5]
55,[6,5]
56,[5,5]
57,[4,5]
58,[4,6]
59,[3,6]
60,[2,6]
61,[2,5]
62,[2,4]
63,[2,3]
64,[2,4]
65,[2,5]
66,[2,6]
67,[3,6]
68,[4,6]
69,[3,6]
70,[2,6]
71,[2,5]
72,[2,4]
73,[2,3]
74,[2,4]
75,[2,5]
76,[2,6]
77,[3,6]
78,[4,6]
79,[4,5]
80,[5,5]
81,[6,5]
82,[7,5]
83,[8,5]
84,[9,5]
85,[10,5]
86,[9,5]
87,[8,5]
88,[7,5]
89,[6,5]
90,[5,5]
91,[4,5]
92,[4,6]
