//Quantitative values
128	//Makespan
128	//Mission completion time hauler 1
119	//Mission completion time hauler 2
75	//Application execution time (in millisecond)
//Path to the final points
0,[2,4],[3,4]
1,[2,5],[3,5]
2,[2,6],[3,6]
3,[2,7],[3,7]
4,[3,7],[3,8]
5,[4,7],[3,9]
6,[5,7],[4,9]
7,[6,7],[5,9]
8,[7,7],[6,9]
9,[8,7],[7,9]
10,[7,7],[7,8]
11,[6,7],[7,7]
12,[5,7],[7,6]
13,[4,7],[7,5]
14,[3,7],[7,4]
15,[2,7],[7,3]
16,[2,8],[7,2]
17,[2,9],[7,1]
18,[2,10],[7,2]
19,[2,11],[7,3]
20,[2,12],[7,4]
21,[2,11],[7,5]
22,[2,10],[7,6]
23,[2,9],[7,7]
24,[3,9],[7,8]
25,[4,9],[7,9]
26,[5,9],[6,9]
27,[6,9],[5,9]
28,[7,9],[4,9]
29,[7,8],[3,9]
30,[7,7],[2,9]
31,[7,6],[2,10]
32,[7,5],[2,11]
33,[7,4],[2,12]
34,[7,3],[2,11]
35,[7,2],[2,10]
36,[7,1],[2,9]
37,[7,2],[3,9]
38,[7,3],[4,9]
39,[7,4],[5,9]
40,[7,5],[6,9]
41,[7,6],[7,9]
42,[7,7],[6,9]
43,[8,7],[5,9]
44,[7,7],[4,9]
45,[6,7],[3,9]
46,[5,7],[2,9]
47,[4,7],[2,10]
48,[3,7],[2,11]
49,[2,7],[2,12]
50,[2,8],[2,11]
51,[2,9],[2,10]
52,[2,10],[2,9]
53,[2,11],[3,9]
54,[2,12],[4,9]
55,[2,11],[5,9]
56,[2,10],[6,9]
57,[2,9],[7,9]
58,[2,8],[7,8]
59,[2,7],[7,7]
60,[3,7],[7,6]
61,[4,7],[7,5]
62,[5,7],[7,4]
63,[6,7],[7,3]
64,[7,7],[7,2]
65,[8,7],[7,1]
66,[7,7],[7,2]
67,[6,7],[7,3]
68,[5,7],[7,4]
69,[4,7],[7,5]
70,[3,7],[7,6]
71,[2,7],[7,7]
72,[2,8],[7,8]
73,[2,9],[7,9]
74,[2,10],[6,9]
75,[2,11],[5,9]
76,[2,12],[4,9]
77,[2,11],[3,9]
78,[2,10],[2,9]
79,[2,9],[2,10]
80,[2,8],[2,11]
81,[2,7],[2,12]
82,[3,7],[2,11]
83,[4,7],[2,10]
84,[5,7],[2,9]
85,[6,7],[2,8]
86,[7,7],[2,7]
87,[8,7],[3,7]
88,[7,7],[4,7]
89,[7,6],[5,7]
90,[7,5],[6,7]
91,[7,4],[7,7]
92,[7,3],[8,7]
93,[7,2],[7,7]
94,[7,1],[6,7]
95,[7,2],[5,7]
96,[7,3],[4,7]
97,[7,4],[3,7]
98,[7,5],[2,7]
99,[7,6],[2,8]
100,[7,7],[2,9]
101,[7,8],[2,10]
102,[7,9],[2,11]
103,[7,8],[2,12]
104,[7,7],[2,11]
105,[7,6],[2,10]
106,[7,5],[2,9]
107,[7,4],[3,9]
108,[7,3],[4,9]
109,[7,2],[5,9]
110,[7,1],[6,9]
111,[7,2],[7,9]
112,[7,3],[7,8]
113,[7,4],[7,7]
114,[7,5],[7,6]
115,[7,6],[7,5]
116,[7,7],[7,4]
117,[8,7],[7,3]
118,[7,7],[7,2]
119,[6,7],[7,1]
120,[5,7],[7,1]
121,[4,7],[7,1]
122,[3,7],[7,1]
123,[2,7],[7,1]
124,[2,8],[7,1]
125,[2,9],[7,1]
126,[2,10],[7,1]
127,[2,11],[7,1]
128,[2,12],[7,1]
