//Quantitative values
89	//Makespan
89	//Mission completion time hauler 1
89	//Mission completion time hauler 2
28	//Application execution time (in millisecond)
//Path to the final points
0,[5,8],[6,7]
1,[5,7],[5,7]
2,[5,6],[5,6]
3,[5,5],[5,5]
4,[5,4],[5,4]
5,[5,3],[5,3]
6,[5,2],[5,2]
7,[6,2],[6,2]
8,[5,2],[5,2]
9,[5,3],[5,3]
10,[5,4],[5,4]
11,[5,5],[5,5]
12,[5,6],[5,6]
13,[5,7],[5,7]
14,[5,8],[5,8]
15,[5,9],[5,9]
16,[5,10],[5,10]
17,[6,10],[6,10]
18,[7,10],[7,10]
19,[8,10],[8,10]
20,[8,11],[8,11]
21,[8,10],[8,10]
22,[7,10],[7,10]
23,[6,10],[6,10]
24,[5,10],[5,10]
25,[5,9],[5,9]
26,[5,8],[5,8]
27,[5,7],[5,7]
28,[5,6],[5,8]
29,[5,5],[5,9]
30,[5,4],[5,10]
31,[5,3],[6,10]
32,[5,2],[7,10]
33,[6,2],[8,10]
34,[5,2],[8,11]
35,[5,3],[8,10]
36,[5,4],[7,10]
37,[5,5],[6,10]
38,[5,6],[5,10]
39,[5,7],[5,9]
40,[5,6],[5,8]
41,[5,5],[5,7]
42,[5,4],[5,6]
43,[5,3],[5,5]
44,[5,2],[5,4]
45,[6,2],[5,3]
46,[5,2],[5,2]
47,[5,3],[6,2]
48,[5,4],[6,3]
49,[5,5],[7,3]
50,[5,6],[7,4]
51,[5,7],[7,5]
52,[5,6],[7,6]
53,[5,5],[7,7]
54,[5,4],[7,8]
55,[5,3],[7,9]
56,[5,2],[7,10]
57,[6,2],[8,10]
58,[6,3],[8,11]
59,[7,3],[8,10]
60,[7,4],[7,10]
61,[7,5],[7,9]
62,[7,6],[7,8]
63,[7,7],[7,7]
64,[7,8],[7,6]
65,[7,9],[7,7]
66,[7,10],[7,8]
67,[8,10],[7,9]
68,[8,11],[7,10]
69,[8,10],[8,10]
70,[7,10],[8,11]
71,[6,10],[8,10]
72,[5,10],[7,10]
73,[5,9],[6,10]
74,[5,8],[5,10]
75,[5,7],[5,9]
76,[5,8],[5,8]
77,[5,9],[5,7]
78,[5,10],[5,6]
79,[6,10],[5,5]
80,[7,10],[5,4]
81,[8,10],[5,3]
82,[8,11],[5,2]
83,[8,10],[6,2]
84,[7,10],[5,2]
85,[6,10],[5,3]
86,[5,10],[5,4]
87,[5,9],[5,5]
88,[5,8],[5,6]
89,[5,7],[5,7]
