//Quantitative values
159	//Makespan
159	//Mission completion time hauler 1
38	//Application execution time (in millisecond)
//Path to the final points
0,[8,3]
1,[7,3]
2,[6,3]
3,[5,3]
4,[4,3]
5,[4,4]
6,[4,5]
7,[4,6]
8,[4,7]
9,[4,8]
10,[4,9]
11,[4,8]
12,[4,7]
13,[4,6]
14,[4,5]
15,[4,4]
16,[4,3]
17,[3,3]
18,[2,3]
19,[2,2]
20,[2,1]
21,[1,1]
22,[2,1]
23,[2,2]
24,[2,3]
25,[3,3]
26,[4,3]
27,[4,4]
28,[4,5]
29,[4,6]
30,[4,7]
31,[4,8]
32,[4,9]
33,[4,8]
34,[4,7]
35,[4,6]
36,[4,5]
37,[4,4]
38,[4,3]
39,[3,3]
40,[2,3]
41,[2,2]
42,[2,1]
43,[1,1]
44,[2,1]
45,[2,2]
46,[2,3]
47,[3,3]
48,[4,3]
49,[4,4]
50,[4,5]
51,[4,6]
52,[4,7]
53,[4,8]
54,[4,9]
55,[4,8]
56,[4,7]
57,[4,6]
58,[4,5]
59,[4,4]
60,[4,3]
61,[3,3]
62,[2,3]
63,[2,2]
64,[2,1]
65,[1,1]
66,[2,1]
67,[2,2]
68,[2,3]
69,[3,3]
70,[4,3]
71,[4,4]
72,[4,5]
73,[4,6]
74,[4,7]
75,[4,8]
76,[4,9]
77,[4,8]
78,[4,7]
79,[4,6]
80,[4,5]
81,[4,4]
82,[4,3]
83,[3,3]
84,[2,3]
85,[2,2]
86,[2,1]
87,[1,1]
88,[2,1]
89,[2,2]
90,[2,3]
91,[3,3]
92,[4,3]
93,[4,4]
94,[4,5]
95,[4,6]
96,[4,7]
97,[4,8]
98,[4,9]
99,[4,8]
100,[4,7]
101,[4,6]
102,[4,5]
103,[4,4]
104,[4,3]
105,[3,3]
106,[2,3]
107,[2,2]
108,[2,1]
109,[1,1]
110,[2,1]
111,[2,2]
112,[2,3]
113,[3,3]
114,[4,3]
115,[4,4]
116,[4,5]
117,[4,6]
118,[4,7]
119,[4,8]
120,[5,8]
121,[6,8]
122,[7,8]
123,[8,8]
124,[7,8]
125,[6,8]
126,[5,8]
127,[4,8]
128,[4,7]
129,[4,6]
130,[4,5]
131,[4,4]
132,[4,3]
133,[3,3]
134,[2,3]
135,[2,2]
136,[2,1]
137,[1,1]
138,[2,1]
139,[2,2]
140,[2,3]
141,[3,3]
142,[4,3]
143,[4,4]
144,[4,5]
145,[4,6]
146,[4,7]
147,[4,8]
148,[4,9]
149,[4,8]
150,[4,7]
151,[4,6]
152,[4,5]
153,[4,4]
154,[4,3]
155,[3,3]
156,[2,3]
157,[2,2]
158,[2,1]
159,[1,1]
