//Quantitative values
138	//Makespan
138	//Mission completion time hauler 1
24	//Application execution time (in millisecond)
//Path to the final points
0,[8,10]
1,[7,10]
2,[7,9]
3,[7,8]
4,[7,7]
5,[7,6]
6,[7,5]
7,[7,4]
8,[6,4]
9,[5,4]
10,[4,4]
11,[3,4]
12,[2,4]
13,[1,4]
14,[1,3]
15,[1,2]
16,[1,1]
17,[1,2]
18,[1,3]
19,[1,4]
20,[2,4]
21,[3,4]
22,[4,4]
23,[5,4]
24,[6,4]
25,[7,4]
26,[7,5]
27,[7,6]
28,[7,7]
29,[7,8]
30,[8,8]
31,[7,8]
32,[7,7]
33,[7,6]
34,[7,5]
35,[7,4]
36,[6,4]
37,[5,4]
38,[4,4]
39,[3,4]
40,[2,4]
41,[1,4]
42,[1,3]
43,[1,4]
44,[2,4]
45,[3,4]
46,[4,4]
47,[5,4]
48,[6,4]
49,[7,4]
50,[7,5]
51,[7,6]
52,[7,7]
53,[7,8]
54,[7,9]
55,[8,9]
56,[9,9]
57,[8,9]
58,[7,9]
59,[7,8]
60,[7,7]
61,[7,6]
62,[7,5]
63,[7,4]
64,[6,4]
65,[5,4]
66,[4,4]
67,[3,4]
68,[2,4]
69,[1,4]
70,[1,3]
71,[1,2]
72,[1,1]
73,[1,2]
74,[1,3]
75,[1,4]
76,[1,5]
77,[1,6]
78,[1,7]
79,[1,8]
80,[1,9]
81,[2,9]
82,[3,9]
83,[4,9]
84,[5,9]
85,[5,8]
86,[5,7]
87,[5,6]
88,[5,5]
89,[5,4]
90,[6,4]
91,[7,4]
92,[7,5]
93,[7,6]
94,[7,7]
95,[7,8]
96,[7,9]
97,[8,9]
98,[9,9]
99,[10,9]
100,[11,9]
101,[10,9]
102,[9,9]
103,[9,10]
104,[9,11]
105,[9,12]
106,[8,12]
107,[7,12]
108,[6,12]
109,[5,12]
110,[4,12]
111,[3,12]
112,[2,12]
113,[1,12]
114,[1,11]
115,[1,10]
116,[1,9]
117,[1,8]
118,[1,7]
119,[1,6]
120,[1,5]
121,[1,4]
122,[1,3]
123,[1,2]
124,[1,1]
125,[1,2]
126,[1,3]
127,[1,4]
128,[2,4]
129,[3,4]
130,[4,4]
131,[5,4]
132,[6,4]
133,[7,4]
134,[7,5]
135,[7,6]
136,[7,7]
137,[7,8]
138,[8,8]
