//Quantitative values
84	//Makespan
84	//Mission completion time hauler 1
77	//Mission completion time hauler 2
53	//Application execution time (in millisecond)
//Path to the final points
0,[10,9],[7,4]
1,[9,9],[7,3]
2,[8,9],[8,3]
3,[8,10],[8,4]
4,[9,10],[8,5]
5,[9,11],[8,6]
6,[10,11],[8,7]
7,[11,11],[8,8]
8,[11,10],[8,9]
9,[11,9],[8,10]
10,[11,8],[9,10]
11,[11,7],[9,11]
12,[11,6],[9,12]
13,[11,5],[8,12]
14,[11,4],[7,12]
15,[11,3],[6,12]
16,[11,2],[5,12]
17,[11,1],[6,12]
18,[10,1],[7,12]
19,[9,1],[8,12]
20,[8,1],[9,12]
21,[8,2],[9,11]
22,[8,3],[9,10]
23,[8,4],[8,10]
24,[8,5],[8,9]
25,[8,6],[8,8]
26,[8,7],[8,8]
27,[8,8],[8,7]
28,[8,9],[8,6]
29,[8,10],[8,5]
30,[9,10],[8,4]
31,[9,11],[8,3]
32,[9,12],[8,4]
33,[8,12],[8,5]
34,[7,12],[8,6]
35,[6,12],[8,7]
36,[5,12],[8,8]
37,[6,12],[8,9]
38,[7,12],[8,8]
39,[8,12],[8,7]
40,[9,12],[8,6]
41,[9,11],[8,5]
42,[10,11],[8,4]
43,[11,11],[8,3]
44,[11,10],[7,3]
45,[11,9],[6,3]
46,[11,8],[5,3]
47,[11,7],[4,3]
48,[11,6],[3,3]
49,[11,5],[3,4]
50,[11,4],[3,5]
51,[11,3],[3,4]
52,[11,2],[3,3]
53,[11,1],[4,3]
54,[11,2],[5,3]
55,[11,3],[6,3]
56,[11,4],[7,3]
57,[11,5],[8,3]
58,[11,6],[8,4]
59,[11,7],[8,5]
60,[11,8],[8,6]
61,[11,9],[8,7]
62,[11,10],[8,8]
63,[11,11],[8,9]
64,[10,11],[8,8]
65,[9,11],[8,7]
66,[9,12],[8,6]
67,[8,12],[8,7]
68,[7,12],[8,8]
69,[6,12],[8,9]
70,[5,12],[8,10]
71,[6,12],[9,10]
72,[7,12],[9,11]
73,[8,12],[9,12]
74,[9,12],[8,12]
75,[9,11],[7,12]
76,[9,10],[6,12]
77,[8,10],[5,12]
78,[8,9],[5,12]
79,[8,8],[5,12]
80,[8,7],[5,12]
81,[8,6],[5,12]
82,[8,5],[5,12]
83,[8,4],[5,12]
84,[8,3],[5,12]
