//Quantitative values
100	//Makespan
100	//Mission completion time hauler 1
67	//Mission completion time hauler 2
52	//Application execution time (in millisecond)
//Path to the final points
0,[2,8],[6,1]
1,[2,7],[6,2]
2,[2,6],[6,3]
3,[2,5],[6,4]
4,[2,4],[7,4]
5,[2,3],[7,5]
6,[3,3],[7,6]
7,[3,2],[7,7]
8,[4,2],[7,8]
9,[5,2],[7,9]
10,[6,2],[7,10]
11,[7,2],[7,9]
12,[8,2],[7,8]
13,[9,2],[7,7]
14,[10,2],[7,6]
15,[11,2],[7,5]
16,[12,2],[7,4]
17,[11,2],[6,4]
18,[10,2],[7,4]
19,[9,2],[7,5]
20,[8,2],[7,6]
21,[7,2],[7,7]
22,[7,3],[7,8]
23,[7,4],[7,9]
24,[7,5],[7,10]
25,[7,6],[7,9]
26,[7,7],[7,8]
27,[7,8],[7,7]
28,[7,9],[7,6]
29,[7,10],[7,5]
30,[7,9],[7,4]
31,[7,8],[6,4]
32,[7,7],[6,3]
33,[7,6],[6,2]
34,[7,5],[5,2]
35,[7,4],[6,2]
36,[7,3],[6,3]
37,[7,2],[6,4]
38,[8,2],[7,4]
39,[9,2],[8,4]
40,[10,2],[9,4]
41,[11,2],[10,4]
42,[12,2],[11,4]
43,[11,2],[12,4]
44,[10,2],[11,4]
45,[9,2],[10,4]
46,[8,2],[9,4]
47,[7,2],[8,4]
48,[7,3],[7,4]
49,[7,4],[6,4]
50,[7,5],[6,3]
51,[7,6],[6,2]
52,[7,7],[6,3]
53,[7,8],[6,4]
54,[7,9],[7,4]
55,[7,10],[8,4]
56,[7,9],[9,4]
57,[7,8],[10,4]
58,[7,7],[11,4]
59,[7,6],[12,4]
60,[7,5],[11,4]
61,[7,4],[10,4]
62,[6,4],[9,4]
63,[6,3],[8,4]
64,[6,2],[7,4]
65,[5,2],[6,4]
66,[6,2],[6,3]
67,[7,2],[6,2]
68,[8,2],[6,2]
69,[9,2],[6,2]
70,[10,2],[6,2]
71,[11,2],[6,2]
72,[12,2],[6,2]
73,[11,2],[6,2]
74,[10,2],[6,2]
75,[9,2],[6,2]
76,[8,2],[6,2]
77,[7,2],[6,2]
78,[6,2],[6,2]
79,[5,2],[6,2]
80,[5,3],[6,2]
81,[5,4],[6,2]
82,[6,4],[6,2]
83,[7,4],[6,2]
84,[7,5],[6,2]
85,[7,6],[6,2]
86,[7,7],[6,2]
87,[7,8],[6,2]
88,[7,9],[6,2]
89,[7,10],[6,2]
90,[8,10],[6,2]
91,[9,10],[6,2]
92,[10,10],[6,2]
93,[11,10],[6,2]
94,[11,9],[6,2]
95,[11,8],[6,2]
96,[11,7],[6,2]
97,[11,6],[6,2]
98,[11,5],[6,2]
99,[11,4],[6,2]
100,[12,4],[6,2]
