//Quantitative values
96	//Makespan
96	//Mission completion time hauler 1
28	//Application execution time (in millisecond)
//Path to the final points
0,[5,12]
1,[6,12]
2,[7,12]
3,[8,12]
4,[9,12]
5,[9,11]
6,[9,10]
7,[9,9]
8,[9,8]
9,[9,7]
10,[9,6]
11,[10,6]
12,[9,6]
13,[8,6]
14,[7,6]
15,[7,7]
16,[7,8]
17,[7,9]
18,[7,10]
19,[8,10]
20,[7,10]
21,[7,9]
22,[7,8]
23,[7,7]
24,[7,6]
25,[7,5]
26,[7,4]
27,[6,4]
28,[5,4]
29,[4,4]
30,[3,4]
31,[3,5]
32,[3,6]
33,[3,7]
34,[3,6]
35,[3,5]
36,[3,4]
37,[4,4]
38,[5,4]
39,[6,4]
40,[7,4]
41,[7,5]
42,[7,6]
43,[7,7]
44,[7,8]
45,[7,9]
46,[7,10]
47,[8,10]
48,[9,10]
49,[9,11]
50,[9,12]
51,[8,12]
52,[7,12]
53,[6,12]
54,[5,12]
55,[4,12]
56,[3,12]
57,[2,12]
58,[1,12]
59,[1,11]
60,[1,10]
61,[1,9]
62,[1,8]
63,[1,7]
64,[1,6]
65,[1,5]
66,[1,4]
67,[1,3]
68,[1,2]
69,[1,1]
70,[1,2]
71,[1,3]
72,[1,4]
73,[1,5]
74,[1,6]
75,[1,7]
76,[2,7]
77,[3,7]
78,[3,6]
79,[3,5]
80,[3,4]
81,[4,4]
82,[5,4]
83,[6,4]
84,[7,4]
85,[7,5]
86,[7,6]
87,[7,7]
88,[7,8]
89,[7,9]
90,[7,10]
91,[8,10]
92,[7,10]
93,[7,9]
94,[7,8]
95,[7,7]
96,[7,6]
