//Quantitative values
130	//Makespan
130	//Mission completion time hauler 1
15	//Application execution time (in millisecond)
//Path to the final points
0,[10,12]
1,[9,12]
2,[8,12]
3,[7,12]
4,[6,12]
5,[5,12]
6,[4,12]
7,[3,12]
8,[3,11]
9,[3,10]
10,[3,9]
11,[3,8]
12,[4,8]
13,[5,8]
14,[5,7]
15,[5,6]
16,[5,5]
17,[5,4]
18,[5,3]
19,[5,2]
20,[5,1]
21,[4,1]
22,[3,1]
23,[2,1]
24,[1,1]
25,[1,2]
26,[1,3]
27,[1,4]
28,[1,5]
29,[1,6]
30,[2,6]
31,[2,7]
32,[2,8]
33,[1,8]
34,[1,9]
35,[1,10]
36,[1,11]
37,[1,12]
38,[2,12]
39,[3,12]
40,[4,12]
41,[5,12]
42,[4,12]
43,[3,12]
44,[3,11]
45,[3,10]
46,[3,9]
47,[3,8]
48,[4,8]
49,[5,8]
50,[5,7]
51,[5,6]
52,[5,5]
53,[5,4]
54,[6,4]
55,[7,4]
56,[7,5]
57,[8,5]
58,[8,6]
59,[8,7]
60,[7,7]
61,[8,7]
62,[8,6]
63,[8,5]
64,[7,5]
65,[7,4]
66,[6,4]
67,[5,4]
68,[5,5]
69,[5,6]
70,[5,7]
71,[5,8]
72,[4,8]
73,[3,8]
74,[3,9]
75,[3,10]
76,[3,11]
77,[3,12]
78,[4,12]
79,[5,12]
80,[6,12]
81,[7,12]
82,[8,12]
83,[9,12]
84,[9,11]
85,[9,10]
86,[9,9]
87,[9,10]
88,[9,11]
89,[9,12]
90,[8,12]
91,[7,12]
92,[6,12]
93,[5,12]
94,[4,12]
95,[3,12]
96,[2,12]
97,[1,12]
98,[2,12]
99,[3,12]
100,[4,12]
101,[5,12]
102,[6,12]
103,[7,12]
104,[8,12]
105,[9,12]
106,[9,11]
107,[9,10]
108,[8,10]
109,[7,10]
110,[7,9]
111,[7,8]
112,[7,7]
113,[7,8]
114,[7,9]
115,[8,9]
116,[9,9]
117,[8,9]
118,[8,8]
119,[8,7]
120,[8,6]
121,[8,5]
122,[7,5]
123,[7,4]
124,[6,4]
125,[5,4]
126,[5,3]
127,[5,2]
128,[5,1]
129,[4,1]
130,[3,1]
