//Quantitative values
89	//Makespan
89	//Mission completion time hauler 1
15	//Application execution time (in millisecond)
//Path to the final points
0,[6,4]
1,[6,5]
2,[6,6]
3,[6,7]
4,[6,8]
5,[6,9]
6,[7,9]
7,[8,9]
8,[7,9]
9,[7,8]
10,[7,7]
11,[7,8]
12,[7,9]
13,[8,9]
14,[8,10]
15,[8,11]
16,[8,12]
17,[9,12]
18,[10,12]
19,[11,12]
20,[10,12]
21,[9,12]
22,[8,12]
23,[8,11]
24,[8,10]
25,[8,9]
26,[8,10]
27,[8,11]
28,[8,12]
29,[9,12]
30,[10,12]
31,[11,12]
32,[10,12]
33,[9,12]
34,[8,12]
35,[8,11]
36,[8,10]
37,[8,9]
38,[8,8]
39,[8,7]
40,[8,6]
41,[8,5]
42,[8,4]
43,[8,3]
44,[9,3]
45,[10,3]
46,[11,3]
47,[12,3]
48,[11,3]
49,[10,3]
50,[9,3]
51,[8,3]
52,[8,4]
53,[8,5]
54,[8,6]
55,[8,7]
56,[8,8]
57,[8,9]
58,[7,9]
59,[6,9]
60,[5,9]
61,[5,8]
62,[4,8]
63,[3,8]
64,[3,9]
65,[3,10]
66,[3,9]
67,[3,8]
68,[3,7]
69,[4,7]
70,[5,7]
71,[6,7]
72,[7,7]
73,[7,6]
74,[7,5]
75,[7,4]
76,[7,3]
77,[7,4]
78,[7,5]
79,[7,6]
80,[7,7]
81,[7,8]
82,[7,9]
83,[7,10]
84,[7,11]
85,[7,12]
86,[8,12]
87,[9,12]
88,[10,12]
89,[11,12]
