//Quantitative values
119	//Makespan
119	//Mission completion time hauler 1
15	//Application execution time (in millisecond)
//Path to the final points
0,[7,4]
1,[7,5]
2,[7,6]
3,[7,7]
4,[7,8]
5,[7,9]
6,[7,10]
7,[8,10]
8,[9,10]
9,[10,10]
10,[11,10]
11,[12,10]
12,[11,10]
13,[10,10]
14,[9,10]
15,[8,10]
16,[7,10]
17,[7,9]
18,[7,8]
19,[7,7]
20,[7,6]
21,[7,5]
22,[6,5]
23,[5,5]
24,[4,5]
25,[3,5]
26,[2,5]
27,[1,5]
28,[1,4]
29,[1,3]
30,[1,4]
31,[1,5]
32,[1,6]
33,[1,7]
34,[1,8]
35,[1,9]
36,[2,9]
37,[3,9]
38,[4,9]
39,[5,9]
40,[6,9]
41,[7,9]
42,[8,9]
43,[9,9]
44,[9,10]
45,[9,11]
46,[9,12]
47,[10,12]
48,[11,12]
49,[12,12]
50,[11,12]
51,[10,12]
52,[9,12]
53,[8,12]
54,[7,12]
55,[6,12]
56,[5,12]
57,[4,12]
58,[3,12]
59,[2,12]
60,[2,11]
61,[2,10]
62,[2,9]
63,[2,8]
64,[2,7]
65,[2,6]
66,[2,5]
67,[2,4]
68,[2,3]
69,[2,2]
70,[2,1]
71,[1,1]
72,[1,2]
73,[1,1]
74,[2,1]
75,[1,1]
76,[1,2]
77,[1,3]
78,[1,4]
79,[1,5]
80,[2,5]
81,[3,5]
82,[4,5]
83,[5,5]
84,[6,5]
85,[7,5]
86,[6,5]
87,[5,5]
88,[4,5]
89,[3,5]
90,[2,5]
91,[1,5]
92,[1,4]
93,[1,3]
94,[1,2]
95,[1,3]
96,[1,4]
97,[1,5]
98,[2,5]
99,[3,5]
100,[4,5]
101,[5,5]
102,[6,5]
103,[7,5]
104,[6,5]
105,[5,5]
106,[4,5]
107,[3,5]
108,[2,5]
109,[1,5]
110,[1,4]
111,[1,3]
112,[1,4]
113,[1,5]
114,[2,5]
115,[3,5]
116,[4,5]
117,[5,5]
118,[6,5]
119,[7,5]
