//Quantitative values
111	//Makespan
111	//Mission completion time hauler 1
28	//Application execution time (in millisecond)
//Path to the final points
0,[8,10]
1,[7,10]
2,[6,10]
3,[5,10]
4,[4,10]
5,[4,9]
6,[4,8]
7,[4,7]
8,[4,8]
9,[4,9]
10,[4,10]
11,[4,11]
12,[5,11]
13,[6,11]
14,[7,11]
15,[8,11]
16,[9,11]
17,[10,11]
18,[9,11]
19,[8,11]
20,[7,11]
21,[6,11]
22,[6,10]
23,[6,9]
24,[6,8]
25,[6,7]
26,[6,6]
27,[6,5]
28,[6,4]
29,[6,3]
30,[6,2]
31,[6,3]
32,[6,4]
33,[6,5]
34,[6,6]
35,[6,7]
36,[6,8]
37,[6,9]
38,[7,9]
39,[6,9]
40,[5,9]
41,[4,9]
42,[4,8]
43,[4,7]
44,[4,8]
45,[4,9]
46,[4,10]
47,[4,11]
48,[5,11]
49,[6,11]
50,[7,11]
51,[8,11]
52,[9,11]
53,[10,11]
54,[9,11]
55,[8,11]
56,[7,11]
57,[6,11]
58,[5,11]
59,[4,11]
60,[3,11]
61,[2,11]
62,[2,10]
63,[2,9]
64,[2,10]
65,[2,11]
66,[3,11]
67,[4,11]
68,[5,11]
69,[6,11]
70,[7,11]
71,[8,11]
72,[9,11]
73,[10,11]
74,[9,11]
75,[8,11]
76,[7,11]
77,[6,11]
78,[6,10]
79,[6,9]
80,[6,8]
81,[6,7]
82,[6,6]
83,[6,5]
84,[6,4]
85,[6,3]
86,[6,2]
87,[5,2]
88,[4,2]
89,[3,2]
90,[2,2]
91,[2,3]
92,[2,4]
93,[2,5]
94,[2,6]
95,[2,7]
96,[2,8]
97,[2,9]
98,[2,8]
99,[2,7]
100,[3,7]
101,[4,7]
102,[4,8]
103,[4,9]
104,[4,10]
105,[4,11]
106,[4,12]
107,[5,12]
108,[6,12]
109,[7,12]
110,[8,12]
111,[9,12]
