//Quantitative values
95	//Makespan
95	//Mission completion time hauler 1
22	//Application execution time (in millisecond)
//Path to the final points
0,[12,8]
1,[11,8]
2,[10,8]
3,[9,8]
4,[8,8]
5,[7,8]
6,[7,7]
7,[7,8]
8,[7,9]
9,[7,10]
10,[7,11]
11,[7,12]
12,[8,12]
13,[9,12]
14,[10,12]
15,[11,12]
16,[10,12]
17,[9,12]
18,[8,12]
19,[8,11]
20,[8,10]
21,[8,9]
22,[8,8]
23,[8,7]
24,[8,6]
25,[8,5]
26,[8,4]
27,[8,3]
28,[8,2]
29,[8,1]
30,[7,1]
31,[6,1]
32,[5,1]
33,[4,1]
34,[3,1]
35,[3,2]
36,[3,3]
37,[3,4]
38,[3,5]
39,[3,6]
40,[3,7]
41,[3,8]
42,[3,9]
43,[3,10]
44,[4,10]
45,[5,10]
46,[6,10]
47,[7,10]
48,[7,11]
49,[7,12]
50,[8,12]
51,[9,12]
52,[10,12]
53,[11,12]
54,[10,12]
55,[9,12]
56,[8,12]
57,[8,11]
58,[8,10]
59,[8,9]
60,[8,8]
61,[8,7]
62,[8,6]
63,[8,5]
64,[8,4]
65,[8,3]
66,[8,2]
67,[8,1]
68,[8,2]
69,[8,3]
70,[8,4]
71,[8,5]
72,[8,6]
73,[8,7]
74,[8,8]
75,[8,9]
76,[8,10]
77,[8,11]
78,[8,12]
79,[9,12]
80,[10,12]
81,[11,12]
82,[10,12]
83,[9,12]
84,[8,12]
85,[8,11]
86,[8,10]
87,[8,9]
88,[8,8]
89,[8,7]
90,[8,6]
91,[8,5]
92,[8,4]
93,[8,3]
94,[8,2]
95,[8,1]
