//Quantitative values
55	//Makespan
55	//Mission completion time hauler 1
7	//Application execution time (in millisecond)
//Path to the final points
0,[11,6]
1,[12,6]
2,[11,6]
3,[10,6]
4,[10,5]
5,[10,4]
6,[10,5]
7,[10,6]
8,[10,7]
9,[10,8]
10,[10,9]
11,[10,10]
12,[9,10]
13,[8,10]
14,[7,10]
15,[7,9]
16,[7,8]
17,[7,7]
18,[7,6]
19,[8,6]
20,[9,6]
21,[10,6]
22,[11,6]
23,[12,6]
24,[11,6]
25,[10,6]
26,[9,6]
27,[8,6]
28,[7,6]
29,[7,5]
30,[7,6]
31,[7,7]
32,[7,8]
33,[7,9]
34,[7,10]
35,[8,10]
36,[9,10]
37,[10,10]
38,[10,9]
39,[10,8]
40,[10,7]
41,[10,6]
42,[10,5]
43,[10,4]
44,[10,5]
45,[10,6]
46,[10,7]
47,[10,8]
48,[10,9]
49,[10,10]
50,[9,10]
51,[8,10]
52,[7,10]
53,[7,9]
54,[7,8]
55,[7,7]
