//Quantitative values
80	//Makespan
80	//Mission completion time hauler 1
27	//Application execution time (in millisecond)
//Path to the final points
0,[2,7]
1,[1,7]
2,[1,6]
3,[1,5]
4,[1,4]
5,[1,3]
6,[1,2]
7,[1,1]
8,[1,2]
9,[1,3]
10,[1,4]
11,[1,5]
12,[1,6]
13,[1,7]
14,[1,8]
15,[1,9]
16,[2,9]
17,[3,9]
18,[2,9]
19,[1,9]
20,[1,8]
21,[1,7]
22,[1,6]
23,[1,5]
24,[1,4]
25,[1,3]
26,[1,2]
27,[1,1]
28,[1,2]
29,[1,3]
30,[1,4]
31,[1,5]
32,[1,6]
33,[1,7]
34,[1,8]
35,[1,9]
36,[1,10]
37,[1,11]
38,[1,12]
39,[2,12]
40,[3,12]
41,[4,12]
42,[3,12]
43,[2,12]
44,[1,12]
45,[1,11]
46,[1,10]
47,[1,9]
48,[1,8]
49,[1,7]
50,[1,6]
51,[1,5]
52,[1,4]
53,[1,3]
54,[1,2]
55,[1,1]
56,[1,2]
57,[1,3]
58,[1,4]
59,[1,5]
60,[1,6]
61,[1,7]
62,[2,7]
63,[3,7]
64,[4,7]
65,[3,7]
66,[3,8]
67,[3,9]
68,[3,10]
69,[4,10]
70,[5,10]
71,[6,10]
72,[7,10]
73,[8,10]
74,[7,10]
75,[6,10]
76,[5,10]
77,[4,10]
78,[4,9]
79,[4,8]
80,[4,7]
