//Quantitative values
54	//Makespan
54	//Mission completion time hauler 1
8	//Application execution time (in millisecond)
//Path to the final points
0,[10,12]
1,[9,12]
2,[9,11]
3,[9,10]
4,[8,10]
5,[7,10]
6,[7,9]
7,[7,8]
8,[7,7]
9,[8,7]
10,[8,6]
11,[8,5]
12,[7,5]
13,[7,4]
14,[6,4]
15,[5,4]
16,[5,5]
17,[5,6]
18,[5,7]
19,[5,8]
20,[4,8]
21,[3,8]
22,[3,9]
23,[3,10]
24,[3,11]
25,[3,12]
26,[3,11]
27,[3,10]
28,[3,9]
29,[3,8]
30,[4,8]
31,[5,8]
32,[4,8]
33,[3,8]
34,[3,9]
35,[3,10]
36,[3,11]
37,[3,12]
38,[4,12]
39,[5,12]
40,[6,12]
41,[7,12]
42,[8,12]
43,[9,12]
44,[9,11]
45,[9,10]
46,[9,9]
47,[8,9]
48,[7,9]
49,[7,8]
50,[7,7]
51,[7,8]
52,[7,9]
53,[8,9]
54,[9,9]
