//Quantitative values
60	//Makespan
60	//Mission completion time hauler 1
22	//Application execution time (in millisecond)
//Path to the final points
0,[6,4]
1,[7,4]
2,[7,5]
3,[7,6]
4,[7,7]
5,[8,7]
6,[8,8]
7,[8,9]
8,[8,10]
9,[9,10]
10,[9,11]
11,[9,12]
12,[8,12]
13,[7,12]
14,[6,12]
15,[5,12]
16,[4,12]
17,[3,12]
18,[3,11]
19,[3,10]
20,[3,9]
21,[3,8]
22,[4,8]
23,[5,8]
24,[4,8]
25,[3,8]
26,[3,9]
27,[3,10]
28,[3,11]
29,[3,12]
30,[4,12]
31,[5,12]
32,[6,12]
33,[7,12]
34,[8,12]
35,[9,12]
36,[9,11]
37,[9,10]
38,[9,9]
39,[10,9]
40,[11,9]
41,[12,9]
42,[12,8]
43,[12,7]
44,[12,6]
45,[12,5]
46,[12,4]
47,[12,3]
48,[12,2]
49,[11,2]
50,[10,2]
51,[9,2]
52,[8,2]
53,[7,2]
54,[7,3]
55,[7,4]
56,[7,5]
57,[7,6]
58,[7,7]
59,[8,7]
60,[7,7]
