//Quantitative values
112	//Makespan
112	//Mission completion time hauler 1
8	//Application execution time (in millisecond)
//Path to the final points
0,[7,4]
1,[7,5]
2,[7,6]
3,[7,7]
4,[7,8]
5,[7,9]
6,[7,10]
7,[7,11]
8,[7,12]
9,[8,12]
10,[9,12]
11,[10,12]
12,[11,12]
13,[12,12]
14,[11,12]
15,[10,12]
16,[9,12]
17,[8,12]
18,[7,12]
19,[6,12]
20,[5,12]
21,[4,12]
22,[3,12]
23,[2,12]
24,[2,11]
25,[2,10]
26,[2,9]
27,[2,8]
28,[2,7]
29,[2,6]
30,[2,5]
31,[2,4]
32,[2,3]
33,[2,2]
34,[2,1]
35,[1,1]
36,[1,2]
37,[1,3]
38,[1,4]
39,[1,5]
40,[2,5]
41,[3,5]
42,[4,5]
43,[5,5]
44,[6,5]
45,[7,5]
46,[7,6]
47,[7,7]
48,[7,8]
49,[7,9]
50,[7,10]
51,[8,10]
52,[9,10]
53,[10,10]
54,[11,10]
55,[12,10]
56,[11,10]
57,[10,10]
58,[9,10]
59,[8,10]
60,[7,10]
61,[6,10]
62,[5,10]
63,[4,10]
64,[3,10]
65,[2,10]
66,[2,9]
67,[2,8]
68,[2,7]
69,[2,6]
70,[2,5]
71,[2,4]
72,[2,3]
73,[2,2]
74,[2,1]
75,[2,2]
76,[2,3]
77,[2,4]
78,[2,5]
79,[2,6]
80,[2,7]
81,[2,8]
82,[2,9]
83,[2,10]
84,[3,10]
85,[4,10]
86,[5,10]
87,[6,10]
88,[7,10]
89,[8,10]
90,[9,10]
91,[10,10]
92,[11,10]
93,[12,10]
94,[11,10]
95,[10,10]
96,[9,10]
97,[8,10]
98,[7,10]
99,[6,10]
100,[5,10]
101,[4,10]
102,[3,10]
103,[2,10]
104,[2,9]
105,[2,8]
106,[2,7]
107,[2,6]
108,[2,5]
109,[2,4]
110,[2,3]
111,[2,2]
112,[2,1]
