//Quantitative values
55	//Makespan
55	//Mission completion time hauler 1
8	//Application execution time (in millisecond)
//Path to the final points
0,[5,2]
1,[5,1]
2,[6,1]
3,[7,1]
4,[8,1]
5,[7,1]
6,[7,2]
7,[7,3]
8,[7,4]
9,[7,5]
10,[7,4]
11,[7,3]
12,[7,2]
13,[7,1]
14,[8,1]
15,[8,2]
16,[8,3]
17,[8,4]
18,[8,5]
19,[8,6]
20,[8,7]
21,[8,8]
22,[8,9]
23,[8,10]
24,[8,11]
25,[9,11]
26,[10,11]
27,[11,11]
28,[11,10]
29,[11,9]
30,[11,8]
31,[11,7]
32,[11,6]
33,[11,5]
34,[11,4]
35,[11,3]
36,[11,2]
37,[10,2]
38,[9,2]
39,[8,2]
40,[7,2]
41,[7,3]
42,[7,2]
43,[8,2]
44,[9,2]
45,[10,2]
46,[11,2]
47,[11,3]
48,[11,4]
49,[11,5]
50,[11,6]
51,[11,7]
52,[11,8]
53,[11,9]
54,[11,10]
55,[11,11]
