//Quantitative values
90	//Makespan
90	//Mission completion time hauler 1
24	//Application execution time (in millisecond)
//Path to the final points
0,[8,10]
1,[9,10]
2,[9,11]
3,[9,12]
4,[8,12]
5,[7,12]
6,[6,12]
7,[5,12]
8,[4,12]
9,[3,12]
10,[2,12]
11,[2,11]
12,[2,10]
13,[2,9]
14,[2,8]
15,[2,7]
16,[3,7]
17,[4,7]
18,[5,7]
19,[5,6]
20,[5,5]
21,[5,4]
22,[5,3]
23,[5,2]
24,[6,2]
25,[6,3]
26,[6,4]
27,[7,4]
28,[7,5]
29,[7,6]
30,[7,7]
31,[7,8]
32,[7,9]
33,[7,8]
34,[7,7]
35,[7,6]
36,[7,5]
37,[7,4]
38,[6,4]
39,[5,4]
40,[5,3]
41,[5,2]
42,[5,1]
43,[4,1]
44,[3,1]
45,[2,1]
46,[1,1]
47,[1,2]
48,[1,3]
49,[2,3]
50,[2,4]
51,[2,5]
52,[2,6]
53,[2,7]
54,[2,8]
55,[2,9]
56,[2,10]
57,[2,11]
58,[2,12]
59,[3,12]
60,[4,12]
61,[5,12]
62,[6,12]
63,[7,12]
64,[8,12]
65,[9,12]
66,[8,12]
67,[7,12]
68,[6,12]
69,[5,12]
70,[4,12]
71,[3,12]
72,[3,11]
73,[3,10]
74,[3,9]
75,[3,8]
76,[3,7]
77,[4,7]
78,[3,7]
79,[2,7]
80,[2,8]
81,[2,7]
82,[3,7]
83,[4,7]
84,[5,7]
85,[5,6]
86,[5,5]
87,[5,4]
88,[5,3]
89,[5,2]
90,[6,2]
