//Quantitative values
63	//Makespan
63	//Mission completion time hauler 1
5	//Application execution time (in millisecond)
//Path to the final points
0,[3,9]
1,[3,8]
2,[3,7]
3,[3,6]
4,[3,5]
5,[3,4]
6,[3,3]
7,[4,3]
8,[5,3]
9,[6,3]
10,[7,3]
11,[6,3]
12,[5,3]
13,[4,3]
14,[3,3]
15,[3,4]
16,[3,5]
17,[3,6]
18,[2,6]
19,[2,7]
20,[2,8]
21,[2,7]
22,[2,6]
23,[2,5]
24,[2,4]
25,[2,3]
26,[2,2]
27,[2,1]
28,[3,1]
29,[4,1]
30,[5,1]
31,[6,1]
32,[7,1]
33,[8,1]
34,[7,1]
35,[6,1]
36,[6,2]
37,[6,3]
38,[5,3]
39,[4,3]
40,[4,4]
41,[4,5]
42,[4,6]
43,[4,7]
44,[4,8]
45,[4,9]
46,[4,10]
47,[4,9]
48,[4,8]
49,[4,7]
50,[4,6]
51,[4,5]
52,[4,4]
53,[4,3]
54,[5,3]
55,[6,3]
56,[7,3]
57,[6,3]
58,[5,3]
59,[4,3]
60,[3,3]
61,[3,4]
62,[3,5]
63,[3,6]
