//Quantitative values
91	//Makespan
91	//Mission completion time hauler 1
22	//Application execution time (in millisecond)
//Path to the final points
0,[10,12]
1,[9,12]
2,[9,11]
3,[9,10]
4,[9,9]
5,[8,9]
6,[7,9]
7,[7,8]
8,[7,7]
9,[7,8]
10,[7,9]
11,[8,9]
12,[9,9]
13,[8,9]
14,[7,9]
15,[6,9]
16,[5,9]
17,[4,9]
18,[3,9]
19,[3,10]
20,[3,11]
21,[3,12]
22,[3,11]
23,[3,10]
24,[3,9]
25,[3,8]
26,[4,8]
27,[5,8]
28,[5,9]
29,[5,10]
30,[5,11]
31,[5,12]
32,[5,11]
33,[5,10]
34,[5,9]
35,[6,9]
36,[7,9]
37,[8,9]
38,[9,9]
39,[8,9]
40,[7,9]
41,[7,8]
42,[7,7]
43,[6,7]
44,[5,7]
45,[5,8]
46,[4,8]
47,[3,8]
48,[3,7]
49,[3,6]
50,[3,5]
51,[3,4]
52,[3,3]
53,[3,2]
54,[3,1]
55,[3,2]
56,[3,3]
57,[3,4]
58,[3,5]
59,[3,6]
60,[3,7]
61,[3,8]
62,[4,8]
63,[5,8]
64,[5,9]
65,[5,10]
66,[5,11]
67,[5,12]
68,[5,11]
69,[5,10]
70,[5,9]
71,[5,8]
72,[5,9]
73,[5,10]
74,[5,11]
75,[5,12]
76,[6,12]
77,[7,12]
78,[8,12]
79,[9,12]
80,[10,12]
81,[11,12]
82,[12,12]
83,[11,12]
84,[10,12]
85,[9,12]
86,[8,12]
87,[7,12]
88,[6,12]
89,[5,12]
90,[4,12]
91,[3,12]
