//Quantitative values
191	//Makespan
191	//Mission completion time hauler 1
20	//Application execution time (in millisecond)
//Path to the final points
0,[7,4]
1,[7,5]
2,[7,6]
3,[7,7]
4,[7,8]
5,[7,9]
6,[8,9]
7,[9,9]
8,[8,9]
9,[7,9]
10,[6,9]
11,[5,9]
12,[4,9]
13,[3,9]
14,[2,9]
15,[1,9]
16,[1,8]
17,[1,7]
18,[1,6]
19,[1,5]
20,[1,4]
21,[1,3]
22,[1,2]
23,[1,3]
24,[1,4]
25,[1,5]
26,[2,5]
27,[3,5]
28,[4,5]
29,[5,5]
30,[6,5]
31,[7,5]
32,[7,6]
33,[7,7]
34,[7,8]
35,[7,9]
36,[7,10]
37,[7,11]
38,[7,12]
39,[8,12]
40,[9,12]
41,[10,12]
42,[11,12]
43,[12,12]
44,[11,12]
45,[10,12]
46,[9,12]
47,[8,12]
48,[7,12]
49,[6,12]
50,[5,12]
51,[4,12]
52,[3,12]
53,[2,12]
54,[2,11]
55,[2,12]
56,[3,12]
57,[4,12]
58,[5,12]
59,[6,12]
60,[7,12]
61,[8,12]
62,[9,12]
63,[10,12]
64,[11,12]
65,[12,12]
66,[11,12]
67,[10,12]
68,[9,12]
69,[8,12]
70,[7,12]
71,[6,12]
72,[5,12]
73,[4,12]
74,[3,12]
75,[2,12]
76,[2,11]
77,[2,10]
78,[2,9]
79,[2,8]
80,[2,7]
81,[2,6]
82,[2,5]
83,[2,4]
84,[2,3]
85,[2,2]
86,[2,1]
87,[2,2]
88,[2,3]
89,[2,4]
90,[2,5]
91,[2,6]
92,[2,7]
93,[2,8]
94,[2,9]
95,[2,10]
96,[3,10]
97,[4,10]
98,[5,10]
99,[6,10]
100,[7,10]
101,[8,10]
102,[9,10]
103,[10,10]
104,[11,10]
105,[12,10]
106,[11,10]
107,[10,10]
108,[9,10]
109,[9,9]
110,[8,9]
111,[7,9]
112,[6,9]
113,[5,9]
114,[4,9]
115,[3,9]
116,[2,9]
117,[1,9]
118,[1,8]
119,[1,7]
120,[1,6]
121,[1,5]
122,[1,4]
123,[1,3]
124,[1,4]
125,[1,5]
126,[1,6]
127,[1,7]
128,[1,8]
129,[1,9]
130,[2,9]
131,[3,9]
132,[4,9]
133,[5,9]
134,[6,9]
135,[7,9]
136,[8,9]
137,[9,9]
138,[8,9]
139,[7,9]
140,[6,9]
141,[5,9]
142,[4,9]
143,[3,9]
144,[2,9]
145,[1,9]
146,[1,8]
147,[1,7]
148,[1,6]
149,[1,5]
150,[1,4]
151,[1,3]
152,[1,2]
153,[1,3]
154,[1,4]
155,[1,5]
156,[2,5]
157,[3,5]
158,[4,5]
159,[5,5]
160,[6,5]
161,[7,5]
162,[6,5]
163,[5,5]
164,[4,5]
165,[3,5]
166,[2,5]
167,[1,5]
168,[1,4]
169,[1,3]
170,[1,2]
171,[1,3]
172,[1,4]
173,[1,5]
174,[1,6]
175,[1,7]
176,[1,8]
177,[1,9]
178,[1,10]
179,[1,11]
180,[2,11]
181,[2,12]
182,[3,12]
183,[4,12]
184,[5,12]
185,[6,12]
186,[7,12]
187,[8,12]
188,[9,12]
189,[10,12]
190,[11,12]
191,[12,12]
