//Quantitative values
128	//Makespan
128	//Mission completion time hauler 1
27	//Application execution time (in millisecond)
//Path to the final points
0,[5,2]
1,[5,3]
2,[5,4]
3,[5,5]
4,[5,6]
5,[5,7]
6,[5,8]
7,[5,9]
8,[5,10]
9,[5,11]
10,[6,11]
11,[7,11]
12,[8,11]
13,[9,11]
14,[10,11]
15,[11,11]
16,[10,11]
17,[9,11]
18,[8,11]
19,[8,10]
20,[8,9]
21,[8,8]
22,[8,7]
23,[8,6]
24,[8,5]
25,[8,4]
26,[8,3]
27,[8,2]
28,[8,1]
29,[7,1]
30,[6,1]
31,[5,1]
32,[5,2]
33,[5,3]
34,[5,4]
35,[5,5]
36,[5,4]
37,[5,3]
38,[5,2]
39,[6,2]
40,[7,2]
41,[8,2]
42,[9,2]
43,[10,2]
44,[11,2]
45,[11,3]
46,[11,4]
47,[11,5]
48,[11,6]
49,[11,7]
50,[11,8]
51,[11,9]
52,[11,10]
53,[11,11]
54,[11,10]
55,[11,9]
56,[11,8]
57,[11,7]
58,[11,6]
59,[11,5]
60,[11,4]
61,[11,3]
62,[11,2]
63,[10,2]
64,[9,2]
65,[8,2]
66,[7,2]
67,[7,3]
68,[6,3]
69,[5,3]
70,[4,3]
71,[3,3]
72,[2,3]
73,[1,3]
74,[1,2]
75,[1,1]
76,[1,2]
77,[1,3]
78,[1,4]
79,[1,5]
80,[2,5]
81,[3,5]
82,[4,5]
83,[5,5]
84,[5,4]
85,[5,3]
86,[5,2]
87,[6,2]
88,[7,2]
89,[8,2]
90,[9,2]
91,[10,2]
92,[11,2]
93,[10,2]
94,[9,2]
95,[8,2]
96,[7,2]
97,[7,3]
98,[7,2]
99,[8,2]
100,[9,2]
101,[10,2]
102,[11,2]
103,[10,2]
104,[9,2]
105,[8,2]
106,[7,2]
107,[7,3]
108,[7,4]
109,[7,5]
110,[7,4]
111,[7,3]
112,[7,2]
113,[7,1]
114,[8,1]
115,[7,1]
116,[6,1]
117,[5,1]
118,[5,2]
119,[5,3]
120,[5,4]
121,[5,5]
122,[5,4]
123,[5,3]
124,[5,2]
125,[5,1]
126,[6,1]
127,[7,1]
128,[8,1]
