//Quantitative values
63	//Makespan
60	//Mission completion time hauler 1
63	//Mission completion time hauler 2
45	//Application execution time (in millisecond)
//Path to the final points
0,[6,4],[8,12]
1,[6,5],[7,12]
2,[6,6],[6,12]
3,[7,6],[5,12]
4,[7,7],[5,11]
5,[7,8],[5,10]
6,[6,8],[5,9]
7,[6,8],[5,8]
8,[5,8],[4,8]
9,[5,9],[4,7]
10,[5,10],[4,6]
11,[5,11],[4,5]
12,[5,12],[4,4]
13,[5,11],[4,5]
14,[5,10],[4,6]
15,[5,9],[4,7]
16,[5,8],[4,8]
17,[4,8],[5,8]
18,[4,7],[5,9]
19,[4,6],[6,9]
20,[4,5],[7,9]
21,[4,4],[8,9]
22,[4,5],[9,9]
23,[4,6],[10,9]
24,[4,7],[9,9]
25,[4,8],[8,9]
26,[5,8],[7,9]
27,[5,9],[6,9]
28,[5,10],[6,8]
29,[5,11],[5,8]
30,[5,12],[5,9]
31,[5,11],[5,10]
32,[5,10],[5,11]
33,[5,9],[5,12]
34,[5,8],[5,11]
35,[4,8],[5,10]
36,[4,7],[5,9]
37,[4,6],[5,8]
38,[4,5],[6,8]
39,[4,4],[6,9]
40,[4,5],[7,9]
41,[4,6],[8,9]
42,[4,7],[9,9]
43,[4,8],[10,9]
44,[5,8],[9,9]
45,[5,9],[8,9]
46,[6,9],[7,9]
47,[7,9],[6,9]
48,[8,9],[5,9]
49,[9,9],[5,8]
50,[10,9],[4,8]
51,[9,9],[4,7]
52,[8,9],[4,6]
53,[7,9],[4,5]
54,[6,9],[4,4]
55,[6,8],[4,5]
56,[6,9],[4,6]
57,[7,9],[4,7]
58,[8,9],[4,8]
59,[9,9],[5,8]
60,[10,9],[5,9]
61,[10,9],[5,10]
62,[10,9],[5,11]
63,[10,9],[5,12]
