//Quantitative values
54	//Makespan
54	//Mission completion time hauler 1
24	//Application execution time (in millisecond)
//Path to the final points
0,[3,5]
1,[2,5]
2,[2,4]
3,[2,3]
4,[2,4]
5,[2,5]
6,[2,6]
7,[2,7]
8,[3,7]
9,[3,8]
10,[3,9]
11,[3,10]
12,[4,10]
13,[5,10]
14,[5,9]
15,[5,8]
16,[5,7]
17,[5,6]
18,[5,5]
19,[6,5]
20,[7,5]
21,[8,5]
22,[9,5]
23,[10,5]
24,[9,5]
25,[8,5]
26,[7,5]
27,[6,5]
28,[5,5]
29,[4,5]
30,[4,6]
31,[4,5]
32,[5,5]
33,[6,5]
34,[7,5]
35,[8,5]
36,[9,5]
37,[10,5]
38,[9,5]
39,[8,5]
40,[7,5]
41,[6,5]
42,[5,5]
43,[4,5]
44,[4,6]
45,[3,6]
46,[2,6]
47,[2,5]
48,[2,4]
49,[2,3]
50,[2,4]
51,[2,5]
52,[2,6]
53,[3,6]
54,[4,6]
