//Quantitative values
68	//Makespan
68	//Mission completion time hauler 1
16	//Application execution time (in millisecond)
//Path to the final points
0,[2,4]
1,[2,5]
2,[2,6]
3,[2,7]
4,[3,7]
5,[4,7]
6,[5,7]
7,[6,7]
8,[7,7]
9,[8,7]
10,[7,7]
11,[6,7]
12,[5,7]
13,[4,7]
14,[3,7]
15,[2,7]
16,[2,8]
17,[2,9]
18,[2,10]
19,[2,11]
20,[2,12]
21,[2,11]
22,[2,10]
23,[2,9]
24,[3,9]
25,[4,9]
26,[5,9]
27,[6,9]
28,[7,9]
29,[7,8]
30,[7,7]
31,[7,6]
32,[7,5]
33,[7,4]
34,[7,3]
35,[7,2]
36,[7,1]
37,[7,2]
38,[7,3]
39,[7,4]
40,[7,5]
41,[7,6]
42,[7,7]
43,[7,8]
44,[7,9]
45,[7,8]
46,[7,7]
47,[7,6]
48,[7,5]
49,[7,4]
50,[7,3]
51,[7,2]
52,[7,1]
53,[7,2]
54,[7,3]
55,[7,4]
56,[7,5]
57,[7,6]
58,[7,7]
59,[7,8]
60,[7,9]
61,[6,9]
62,[5,9]
63,[4,9]
64,[3,9]
65,[2,9]
66,[2,10]
67,[2,11]
68,[2,12]
