//Quantitative values
50	//Makespan
50	//Mission completion time hauler 1
45	//Mission completion time hauler 2
44	//Application execution time (in millisecond)
//Path to the final points
0,[5,8],[6,7]
1,[5,9],[6,6]
2,[5,10],[7,6]
3,[6,10],[7,7]
4,[7,10],[7,8]
5,[8,10],[7,9]
6,[8,11],[7,10]
7,[8,10],[7,10]
8,[7,10],[8,10]
9,[6,10],[8,11]
10,[5,10],[8,10]
11,[5,9],[7,10]
12,[5,8],[7,9]
13,[5,7],[7,8]
14,[5,8],[7,7]
15,[5,9],[7,6]
16,[5,10],[7,5]
17,[6,10],[7,4]
18,[7,10],[7,3]
19,[8,10],[6,3]
20,[8,11],[6,2]
21,[8,10],[5,2]
22,[7,10],[5,3]
23,[7,9],[5,4]
24,[7,8],[5,5]
25,[7,7],[5,6]
26,[7,6],[5,7]
27,[7,7],[5,6]
28,[7,8],[5,5]
29,[7,9],[5,4]
30,[7,10],[5,3]
31,[8,10],[5,2]
32,[8,11],[6,2]
33,[8,10],[5,2]
34,[7,10],[5,3]
35,[6,10],[5,4]
36,[5,10],[5,5]
37,[5,9],[5,6]
38,[5,8],[5,7]
39,[5,7],[5,8]
40,[5,6],[5,9]
41,[5,5],[5,10]
42,[5,4],[6,10]
43,[5,3],[7,10]
44,[5,2],[8,10]
45,[6,2],[8,11]
46,[6,3],[8,11]
47,[7,3],[8,11]
48,[7,4],[8,11]
49,[7,5],[8,11]
50,[7,6],[8,11]
