//Quantitative values
78	//Makespan
78	//Mission completion time hauler 1
8	//Application execution time (in millisecond)
//Path to the final points
0,[8,3]
1,[7,3]
2,[6,3]
3,[5,3]
4,[4,3]
5,[4,4]
6,[4,5]
7,[4,6]
8,[4,7]
9,[4,8]
10,[4,9]
11,[4,10]
12,[5,10]
13,[6,10]
14,[7,10]
15,[8,10]
16,[9,10]
17,[10,10]
18,[11,10]
19,[10,10]
20,[9,10]
21,[8,10]
22,[7,10]
23,[6,10]
24,[5,10]
25,[4,10]
26,[4,9]
27,[3,9]
28,[2,9]
29,[1,9]
30,[1,8]
31,[1,7]
32,[1,6]
33,[1,5]
34,[1,4]
35,[1,3]
36,[1,2]
37,[1,1]
38,[1,2]
39,[1,3]
40,[1,4]
41,[1,5]
42,[1,6]
43,[1,7]
44,[1,8]
45,[1,9]
46,[2,9]
47,[3,9]
48,[4,9]
49,[3,9]
50,[2,9]
51,[1,9]
52,[1,8]
53,[1,7]
54,[1,6]
55,[1,5]
56,[1,4]
57,[1,3]
58,[1,2]
59,[1,1]
60,[1,2]
61,[1,3]
62,[1,4]
63,[1,5]
64,[1,6]
65,[1,7]
66,[1,8]
67,[2,8]
68,[3,8]
69,[4,8]
70,[5,8]
71,[6,8]
72,[7,8]
73,[8,8]
74,[8,9]
75,[8,10]
76,[9,10]
77,[10,10]
78,[11,10]
