//Quantitative values
104	//Makespan
104	//Mission completion time hauler 1
11	//Application execution time (in millisecond)
//Path to the final points
0,[7,3]
1,[6,3]
2,[5,3]
3,[4,3]
4,[3,3]
5,[2,3]
6,[1,3]
7,[1,4]
8,[1,5]
9,[1,6]
10,[1,7]
11,[1,6]
12,[1,5]
13,[1,4]
14,[2,4]
15,[3,4]
16,[4,4]
17,[3,4]
18,[2,4]
19,[2,5]
20,[2,6]
21,[2,7]
22,[2,8]
23,[2,9]
24,[2,10]
25,[2,11]
26,[2,12]
27,[3,12]
28,[4,12]
29,[5,12]
30,[4,12]
31,[3,12]
32,[2,12]
33,[1,12]
34,[1,11]
35,[1,10]
36,[1,9]
37,[1,8]
38,[1,7]
39,[1,6]
40,[1,5]
41,[1,6]
42,[1,7]
43,[1,8]
44,[1,9]
45,[1,10]
46,[1,11]
47,[1,12]
48,[2,12]
49,[3,12]
50,[4,12]
51,[5,12]
52,[6,12]
53,[7,12]
54,[8,12]
55,[7,12]
56,[6,12]
57,[5,12]
58,[4,12]
59,[3,12]
60,[2,12]
61,[1,12]
62,[1,11]
63,[1,10]
64,[1,9]
65,[1,8]
66,[1,7]
67,[1,6]
68,[1,5]
69,[1,4]
70,[2,4]
71,[3,4]
72,[4,4]
73,[5,4]
74,[6,4]
75,[7,4]
76,[8,4]
77,[9,4]
78,[10,4]
79,[11,4]
80,[12,4]
81,[11,4]
82,[10,4]
83,[9,4]
84,[8,4]
85,[7,4]
86,[6,4]
87,[5,4]
88,[4,4]
89,[3,4]
90,[2,4]
91,[1,4]
92,[1,5]
93,[1,4]
94,[2,4]
95,[3,4]
96,[4,4]
97,[5,4]
98,[6,4]
99,[7,4]
100,[8,4]
101,[9,4]
102,[10,4]
103,[11,4]
104,[12,4]
