//Quantitative values
103	//Makespan
103	//Mission completion time hauler 1
84	//Mission completion time hauler 2
99	//Mission completion time hauler 3
78	//Application execution time (in millisecond)
//Path to the final points
0,[5,3],[7,5],[8,10]
1,[5,4],[8,5],[7,10]
2,[6,4],[9,5],[6,10]
3,[6,5],[9,4],[5,10]
4,[7,5],[9,3],[5,11]
5,[8,5],[9,2],[5,12]
6,[9,5],[9,1],[6,12]
7,[9,4],[10,1],[7,12]
8,[9,3],[9,1],[8,12]
9,[9,2],[8,1],[9,12]
10,[9,1],[8,2],[10,12]
11,[10,1],[8,3],[11,12]
12,[11,1],[7,3],[11,11]
13,[12,1],[7,4],[11,10]
14,[11,1],[7,5],[11,9]
15,[10,1],[7,6],[11,8]
16,[9,1],[7,7],[11,7]
17,[9,2],[7,8],[11,6]
18,[9,3],[7,9],[11,5]
19,[9,4],[7,10],[11,4]
20,[9,5],[6,10],[11,3]
21,[8,5],[5,10],[11,2]
22,[7,5],[5,11],[11,1]
23,[6,5],[5,12],[12,1]
24,[6,6],[5,11],[11,1]
25,[5,6],[5,10],[10,1]
26,[4,6],[5,9],[9,1]
27,[3,6],[5,8],[8,1]
28,[2,6],[5,7],[8,2]
29,[2,7],[5,6],[8,3]
30,[2,8],[6,6],[7,3]
31,[2,9],[6,5],[7,4]
32,[3,9],[6,5],[7,5]
33,[3,10],[7,5],[7,6]
34,[3,11],[8,5],[7,5]
35,[3,12],[9,5],[7,4]
36,[4,12],[8,5],[7,3]
37,[5,12],[7,5],[8,3]
38,[6,12],[6,5],[8,2]
39,[7,12],[6,6],[8,1]
40,[8,12],[5,6],[9,1]
41,[9,12],[4,6],[10,1]
42,[10,12],[3,6],[11,1]
43,[11,12],[2,6],[12,1]
44,[11,11],[2,7],[11,1]
45,[11,10],[2,8],[10,1]
46,[11,9],[2,9],[9,1]
47,[11,8],[2,8],[8,1]
48,[11,7],[2,7],[8,2]
49,[11,6],[2,6],[8,3]
50,[11,5],[3,6],[7,3]
51,[11,4],[4,6],[7,4]
52,[11,3],[5,6],[7,5]
53,[11,2],[6,6],[7,6]
54,[11,1],[6,5],[7,7]
55,[12,1],[7,5],[7,8]
56,[11,1],[8,5],[7,9]
57,[11,2],[9,5],[7,10]
58,[11,3],[8,5],[7,9]
59,[11,4],[7,5],[7,8]
60,[11,5],[6,5],[7,7]
61,[11,6],[6,6],[7,6]
62,[11,7],[5,6],[7,5]
63,[11,8],[4,6],[7,4]
64,[11,9],[3,6],[7,3]
65,[11,10],[2,6],[8,3]
66,[11,11],[2,7],[8,2]
67,[11,12],[2,8],[8,1]
68,[10,12],[2,9],[9,1]
69,[9,12],[2,8],[10,1]
70,[8,12],[2,7],[9,1]
71,[7,12],[2,6],[8,1]
72,[6,12],[3,6],[8,2]
73,[5,12],[4,6],[8,3]
74,[4,12],[5,6],[7,3]
75,[3,12],[6,6],[7,4]
76,[3,11],[7,6],[7,5]
77,[3,10],[7,5],[7,6]
78,[3,9],[7,4],[7,7]
79,[2,9],[7,3],[7,8]
80,[3,9],[8,3],[7,9]
81,[3,10],[8,2],[7,10]
82,[3,11],[8,1],[6,10]
83,[3,12],[9,1],[5,10]
84,[4,12],[10,1],[4,10]
85,[5,12],[10,1],[3,10]
86,[6,12],[10,1],[3,9]
87,[7,12],[10,1],[2,9]
88,[8,12],[10,1],[3,9]
89,[9,12],[10,1],[3,10]
90,[10,12],[10,1],[3,11]
91,[11,12],[10,1],[3,12]
92,[11,11],[10,1],[4,12]
93,[11,10],[10,1],[5,12]
94,[11,9],[10,1],[6,12]
95,[11,8],[10,1],[7,12]
96,[11,7],[10,1],[8,12]
97,[11,6],[10,1],[9,12]
98,[11,5],[10,1],[10,12]
99,[11,4],[10,1],[11,12]
100,[11,3],[10,1],[11,12]
101,[11,2],[10,1],[11,12]
102,[11,1],[10,1],[11,12]
103,[10,1],[10,1],[11,12]
