//Quantitative values
81	//Makespan
81	//Mission completion time hauler 1
21	//Application execution time (in millisecond)
//Path to the final points
0,[1,11]
1,[1,10]
2,[1,9]
3,[1,8]
4,[2,8]
5,[2,7]
6,[2,6]
7,[2,5]
8,[2,4]
9,[2,3]
10,[2,2]
11,[2,1]
12,[3,1]
13,[4,1]
14,[5,1]
15,[6,1]
16,[7,1]
17,[8,1]
18,[9,1]
19,[10,1]
20,[10,2]
21,[10,3]
22,[11,3]
23,[12,3]
24,[11,3]
25,[10,3]
26,[10,2]
27,[10,1]
28,[9,1]
29,[8,1]
30,[7,1]
31,[6,1]
32,[6,2]
33,[6,3]
34,[6,4]
35,[6,5]
36,[6,6]
37,[7,6]
38,[7,5]
39,[7,4]
40,[7,3]
41,[8,3]
42,[9,3]
43,[10,3]
44,[11,3]
45,[12,3]
46,[11,3]
47,[10,3]
48,[9,3]
49,[8,3]
50,[7,3]
51,[6,3]
52,[5,3]
53,[4,3]
54,[3,3]
55,[2,3]
56,[1,3]
57,[1,4]
58,[1,3]
59,[2,3]
60,[3,3]
61,[4,3]
62,[5,3]
63,[6,3]
64,[7,3]
65,[8,3]
66,[9,3]
67,[10,3]
68,[11,3]
69,[12,3]
70,[11,3]
71,[10,3]
72,[9,3]
73,[8,3]
74,[7,3]
75,[6,3]
76,[5,3]
77,[4,3]
78,[3,3]
79,[2,3]
80,[1,3]
81,[1,4]
