//Quantitative values
55	//Makespan
55	//Mission completion time hauler 1
18	//Application execution time (in millisecond)
//Path to the final points
0,[1,4]
1,[1,3]
2,[2,3]
3,[2,2]
4,[2,1]
5,[3,1]
6,[4,1]
7,[5,1]
8,[6,1]
9,[5,1]
10,[4,1]
11,[4,2]
12,[4,3]
13,[4,4]
14,[4,5]
15,[4,6]
16,[4,7]
17,[4,8]
18,[4,9]
19,[4,8]
20,[4,7]
21,[4,6]
22,[4,5]
23,[4,4]
24,[4,3]
25,[4,2]
26,[3,2]
27,[3,3]
28,[3,4]
29,[3,5]
30,[3,6]
31,[3,7]
32,[3,8]
33,[3,9]
34,[3,10]
35,[3,11]
36,[3,10]
37,[3,9]
38,[3,8]
39,[3,7]
40,[3,6]
41,[3,5]
42,[3,4]
43,[3,3]
44,[3,2]
45,[4,2]
46,[3,2]
47,[3,3]
48,[3,4]
49,[3,5]
50,[3,6]
51,[3,7]
52,[3,8]
53,[3,9]
54,[3,10]
55,[3,11]
