//Quantitative values
42	//Makespan
42	//Mission completion time hauler 1
12	//Application execution time (in millisecond)
//Path to the final points
0,[10,12]
1,[9,12]
2,[8,12]
3,[7,12]
4,[7,11]
5,[7,10]
6,[7,9]
7,[7,8]
8,[7,7]
9,[6,7]
10,[5,7]
11,[5,8]
12,[4,8]
13,[3,8]
14,[3,9]
15,[3,10]
16,[3,11]
17,[3,12]
18,[3,11]
19,[3,10]
20,[3,9]
21,[3,8]
22,[4,8]
23,[5,8]
24,[5,9]
25,[5,10]
26,[5,11]
27,[5,12]
28,[5,11]
29,[5,10]
30,[5,9]
31,[6,9]
32,[7,9]
33,[8,9]
34,[9,9]
35,[8,9]
36,[7,9]
37,[7,8]
38,[7,7]
39,[7,8]
40,[7,9]
41,[8,9]
42,[9,9]
