//Quantitative values
40	//Makespan
40	//Mission completion time hauler 1
8	//Application execution time (in millisecond)
//Path to the final points
0,[6,4]
1,[6,5]
2,[6,6]
3,[6,7]
4,[7,7]
5,[8,7]
6,[7,7]
7,[6,7]
8,[5,7]
9,[5,8]
10,[4,8]
11,[3,8]
12,[3,9]
13,[3,10]
14,[3,9]
15,[3,8]
16,[3,7]
17,[3,6]
18,[3,5]
19,[3,4]
20,[3,3]
21,[4,3]
22,[5,3]
23,[6,3]
24,[7,3]
25,[8,3]
26,[9,3]
27,[10,3]
28,[11,3]
29,[12,3]
30,[11,3]
31,[10,3]
32,[9,3]
33,[8,3]
34,[7,3]
35,[7,4]
36,[7,5]
37,[7,6]
38,[7,7]
39,[8,7]
40,[7,7]
