//Quantitative values
114	//Makespan
114	//Mission completion time hauler 1
23	//Application execution time (in millisecond)
//Path to the final points
0,[7,4]
1,[7,5]
2,[7,6]
3,[7,7]
4,[7,8]
5,[7,9]
6,[7,10]
7,[8,10]
8,[9,10]
9,[9,11]
10,[9,12]
11,[10,12]
12,[11,12]
13,[12,12]
14,[11,12]
15,[10,12]
16,[9,12]
17,[9,11]
18,[9,10]
19,[8,10]
20,[7,10]
21,[7,9]
22,[7,8]
23,[7,7]
24,[7,6]
25,[7,5]
26,[7,4]
27,[6,4]
28,[5,4]
29,[5,3]
30,[5,2]
31,[5,1]
32,[4,1]
33,[3,1]
34,[2,1]
35,[1,1]
36,[1,2]
37,[1,1]
38,[2,1]
39,[3,1]
40,[4,1]
41,[5,1]
42,[5,2]
43,[5,3]
44,[5,4]
45,[6,4]
46,[7,4]
47,[7,5]
48,[7,6]
49,[7,7]
50,[7,8]
51,[7,9]
52,[7,10]
53,[8,10]
54,[9,10]
55,[10,10]
56,[11,10]
57,[12,10]
58,[11,10]
59,[10,10]
60,[9,10]
61,[8,10]
62,[7,10]
63,[7,9]
64,[7,8]
65,[7,7]
66,[7,6]
67,[7,5]
68,[7,4]
69,[6,4]
70,[5,4]
71,[5,3]
72,[5,2]
73,[5,1]
74,[4,1]
75,[3,1]
76,[2,1]
77,[3,1]
78,[4,1]
79,[5,1]
80,[5,2]
81,[5,3]
82,[5,4]
83,[6,4]
84,[7,4]
85,[7,5]
86,[7,6]
87,[7,7]
88,[7,8]
89,[7,9]
90,[7,10]
91,[8,10]
92,[9,10]
93,[10,10]
94,[11,10]
95,[12,10]
96,[11,10]
97,[10,10]
98,[9,10]
99,[8,10]
100,[7,10]
101,[7,9]
102,[7,8]
103,[7,7]
104,[7,6]
105,[7,5]
106,[7,4]
107,[6,4]
108,[5,4]
109,[5,3]
110,[5,2]
111,[5,1]
112,[4,1]
113,[3,1]
114,[2,1]
