//Quantitative values
59	//Makespan
59	//Mission completion time hauler 1
27	//Application execution time (in millisecond)
//Path to the final points
0,[5,2]
1,[5,1]
2,[6,1]
3,[7,1]
4,[8,1]
5,[7,1]
6,[7,2]
7,[7,3]
8,[7,4]
9,[7,5]
10,[7,4]
11,[7,3]
12,[7,2]
13,[7,1]
14,[8,1]
15,[8,2]
16,[8,3]
17,[8,4]
18,[8,5]
19,[8,6]
20,[8,7]
21,[8,8]
22,[8,9]
23,[8,10]
24,[9,10]
25,[9,11]
26,[10,11]
27,[11,11]
28,[11,10]
29,[11,9]
30,[12,9]
31,[12,8]
32,[12,7]
33,[12,6]
34,[12,5]
35,[12,4]
36,[12,3]
37,[12,2]
38,[11,2]
39,[10,2]
40,[9,2]
41,[8,2]
42,[7,2]
43,[7,3]
44,[7,2]
45,[8,2]
46,[9,2]
47,[10,2]
48,[11,2]
49,[12,2]
50,[12,3]
51,[12,4]
52,[12,5]
53,[12,6]
54,[12,7]
55,[12,8]
56,[12,9]
57,[11,9]
58,[11,10]
59,[11,11]
