//Quantitative values
118	//Makespan
118	//Mission completion time hauler 1
15	//Application execution time (in millisecond)
//Path to the final points
0,[3,10]
1,[3,9]
2,[3,8]
3,[3,7]
4,[3,6]
5,[3,5]
6,[3,4]
7,[4,4]
8,[5,4]
9,[6,4]
10,[5,4]
11,[4,4]
12,[3,4]
13,[3,5]
14,[3,6]
15,[3,7]
16,[3,8]
17,[3,9]
18,[4,9]
19,[5,9]
20,[6,9]
21,[7,9]
22,[8,9]
23,[9,9]
24,[10,9]
25,[11,9]
26,[10,9]
27,[9,9]
28,[8,9]
29,[7,9]
30,[6,9]
31,[5,9]
32,[4,9]
33,[3,9]
34,[2,9]
35,[2,10]
36,[2,9]
37,[3,9]
38,[4,9]
39,[5,9]
40,[6,9]
41,[7,9]
42,[8,9]
43,[9,9]
44,[10,9]
45,[11,9]
46,[10,9]
47,[9,9]
48,[8,9]
49,[7,9]
50,[6,9]
51,[5,9]
52,[4,9]
53,[3,9]
54,[3,8]
55,[3,9]
56,[4,9]
57,[5,9]
58,[6,9]
59,[7,9]
60,[8,9]
61,[9,9]
62,[10,9]
63,[11,9]
64,[10,9]
65,[9,9]
66,[8,9]
67,[7,9]
68,[6,9]
69,[5,9]
70,[4,9]
71,[3,9]
72,[3,8]
73,[3,9]
74,[4,9]
75,[5,9]
76,[6,9]
77,[7,9]
78,[8,9]
79,[9,9]
80,[10,9]
81,[11,9]
82,[10,9]
83,[9,9]
84,[8,9]
85,[8,8]
86,[8,7]
87,[8,6]
88,[8,5]
89,[8,4]
90,[8,5]
91,[8,6]
92,[8,7]
93,[8,8]
94,[8,9]
95,[9,9]
96,[10,9]
97,[11,9]
98,[10,9]
99,[9,9]
100,[8,9]
101,[7,9]
102,[6,9]
103,[5,9]
104,[4,9]
105,[3,9]
106,[2,9]
107,[2,10]
108,[2,11]
109,[3,11]
110,[4,11]
111,[5,11]
112,[6,11]
113,[5,11]
114,[4,11]
115,[3,11]
116,[3,10]
117,[3,9]
118,[3,8]
