//Quantitative values
94	//Makespan
94	//Mission completion time hauler 1
16	//Application execution time (in millisecond)
//Path to the final points
0,[7,1]
1,[6,1]
2,[5,1]
3,[4,1]
4,[3,1]
5,[2,1]
6,[1,1]
7,[1,2]
8,[1,3]
9,[1,4]
10,[1,5]
11,[1,6]
12,[1,7]
13,[1,6]
14,[2,6]
15,[3,6]
16,[4,6]
17,[5,6]
18,[6,6]
19,[7,6]
20,[8,6]
21,[9,6]
22,[8,6]
23,[7,6]
24,[6,6]
25,[5,6]
26,[5,5]
27,[5,4]
28,[5,5]
29,[5,6]
30,[5,7]
31,[5,8]
32,[6,8]
33,[7,8]
34,[8,8]
35,[7,8]
36,[6,8]
37,[5,8]
38,[4,8]
39,[3,8]
40,[3,9]
41,[3,8]
42,[3,7]
43,[3,6]
44,[4,6]
45,[5,6]
46,[6,6]
47,[5,6]
48,[5,5]
49,[5,4]
50,[5,5]
51,[5,6]
52,[5,7]
53,[5,8]
54,[6,8]
55,[7,8]
56,[8,8]
57,[7,8]
58,[6,8]
59,[5,8]
60,[4,8]
61,[3,8]
62,[2,8]
63,[1,8]
64,[1,7]
65,[1,6]
66,[2,6]
67,[3,6]
68,[4,6]
69,[5,6]
70,[6,6]
71,[5,6]
72,[4,6]
73,[3,6]
74,[3,7]
75,[3,8]
76,[3,9]
77,[3,8]
78,[4,8]
79,[5,8]
80,[6,8]
81,[7,8]
82,[8,8]
83,[7,8]
84,[6,8]
85,[5,8]
86,[4,8]
87,[3,8]
88,[3,9]
89,[3,8]
90,[4,8]
91,[5,8]
92,[6,8]
93,[7,8]
94,[8,8]
