//Quantitative values
68	//Makespan
68	//Mission completion time hauler 1
15	//Application execution time (in millisecond)
//Path to the final points
0,[8,12]
1,[7,12]
2,[6,12]
3,[5,12]
4,[4,12]
5,[3,12]
6,[2,12]
7,[2,11]
8,[2,10]
9,[2,9]
10,[2,10]
11,[2,11]
12,[2,12]
13,[3,12]
14,[3,11]
15,[3,10]
16,[4,10]
17,[4,9]
18,[5,9]
19,[6,9]
20,[7,9]
21,[8,9]
22,[9,9]
23,[8,9]
24,[7,9]
25,[6,9]
26,[5,9]
27,[4,9]
28,[3,9]
29,[2,9]
30,[2,8]
31,[2,9]
32,[2,10]
33,[3,10]
34,[4,10]
35,[5,10]
36,[4,10]
37,[3,10]
38,[2,10]
39,[2,9]
40,[2,8]
41,[2,9]
42,[2,10]
43,[3,10]
44,[4,10]
45,[5,10]
46,[5,9]
47,[6,9]
48,[7,9]
49,[8,9]
50,[9,9]
51,[8,9]
52,[7,9]
53,[6,9]
54,[5,9]
55,[4,9]
56,[4,10]
57,[4,9]
58,[5,9]
59,[6,9]
60,[7,9]
61,[8,9]
62,[9,9]
63,[8,9]
64,[7,9]
65,[6,9]
66,[5,9]
67,[4,9]
68,[4,10]
