//Quantitative values
118	//Makespan
118	//Mission completion time hauler 1
42	//Application execution time (in millisecond)
//Path to the final points
0,[12,9]
1,[11,9]
2,[11,10]
3,[11,9]
4,[10,9]
5,[9,9]
6,[8,9]
7,[7,9]
8,[6,9]
9,[5,9]
10,[4,9]
11,[3,9]
12,[2,9]
13,[2,8]
14,[2,7]
15,[2,6]
16,[2,5]
17,[2,4]
18,[2,5]
19,[2,6]
20,[2,7]
21,[2,8]
22,[2,9]
23,[3,9]
24,[4,9]
25,[5,9]
26,[6,9]
27,[7,9]
28,[8,9]
29,[9,9]
30,[10,9]
31,[11,9]
32,[11,10]
33,[11,9]
34,[10,9]
35,[9,9]
36,[9,8]
37,[9,7]
38,[9,6]
39,[8,6]
40,[8,7]
41,[7,7]
42,[6,7]
43,[6,8]
44,[5,8]
45,[4,8]
46,[3,8]
47,[2,8]
48,[2,9]
49,[2,10]
50,[1,10]
51,[2,10]
52,[2,9]
53,[2,8]
54,[2,7]
55,[1,7]
56,[1,6]
57,[1,5]
58,[1,4]
59,[2,4]
60,[2,3]
61,[2,4]
62,[2,5]
63,[2,6]
64,[2,7]
65,[2,8]
66,[2,9]
67,[2,10]
68,[1,10]
69,[2,10]
70,[2,9]
71,[2,8]
72,[3,8]
73,[4,8]
74,[5,8]
75,[6,8]
76,[6,7]
77,[7,7]
78,[8,7]
79,[8,6]
80,[9,6]
81,[8,6]
82,[8,7]
83,[7,7]
84,[6,7]
85,[6,8]
86,[5,8]
87,[4,8]
88,[3,8]
89,[2,8]
90,[2,9]
91,[2,10]
92,[1,10]
93,[2,10]
94,[2,9]
95,[2,8]
96,[2,7]
97,[1,7]
98,[1,6]
99,[1,7]
100,[2,7]
101,[2,8]
102,[2,9]
103,[3,9]
104,[4,9]
105,[5,9]
106,[6,9]
107,[7,9]
108,[8,9]
109,[9,9]
110,[10,9]
111,[11,9]
112,[11,10]
113,[11,9]
114,[10,9]
115,[9,9]
116,[9,8]
117,[9,7]
118,[9,6]
