//Quantitative values
89	//Makespan
89	//Mission completion time hauler 1
39	//Application execution time (in millisecond)
//Path to the final points
0,[3,4]
1,[3,5]
2,[3,6]
3,[3,7]
4,[3,8]
5,[3,9]
6,[4,9]
7,[5,9]
8,[6,9]
9,[7,9]
10,[8,9]
11,[9,9]
12,[10,9]
13,[10,8]
14,[10,7]
15,[10,6]
16,[10,5]
17,[10,4]
18,[10,5]
19,[10,6]
20,[10,7]
21,[10,8]
22,[10,9]
23,[11,9]
24,[10,9]
25,[9,9]
26,[8,9]
27,[7,9]
28,[6,9]
29,[5,9]
30,[4,9]
31,[3,9]
32,[2,9]
33,[1,9]
34,[2,9]
35,[3,9]
36,[4,9]
37,[5,9]
38,[6,9]
39,[7,9]
40,[8,9]
41,[9,9]
42,[10,9]
43,[10,8]
44,[10,7]
45,[10,6]
46,[10,5]
47,[10,4]
48,[10,5]
49,[10,6]
50,[10,7]
51,[10,8]
52,[10,9]
53,[11,9]
54,[10,9]
55,[9,9]
56,[8,9]
57,[7,9]
58,[6,9]
59,[5,9]
60,[4,9]
61,[3,9]
62,[2,9]
63,[1,9]
64,[2,9]
65,[3,9]
66,[4,9]
67,[5,9]
68,[6,9]
69,[7,9]
70,[8,9]
71,[9,9]
72,[10,9]
73,[10,8]
74,[10,7]
75,[10,6]
76,[10,5]
77,[10,4]
78,[10,5]
79,[10,6]
80,[10,7]
81,[10,8]
82,[10,9]
83,[11,9]
84,[10,9]
85,[10,8]
86,[10,7]
87,[10,6]
88,[10,5]
89,[10,4]
