//Quantitative values
98	//Makespan
98	//Mission completion time hauler 1
16	//Application execution time (in millisecond)
//Path to the final points
0,[4,8]
1,[5,8]
2,[6,8]
3,[7,8]
4,[8,8]
5,[9,8]
6,[10,8]
7,[11,8]
8,[10,8]
9,[10,7]
10,[10,6]
11,[10,5]
12,[10,4]
13,[10,5]
14,[10,6]
15,[10,7]
16,[10,8]
17,[9,8]
18,[8,8]
19,[7,8]
20,[6,8]
21,[5,8]
22,[4,8]
23,[3,8]
24,[2,8]
25,[2,7]
26,[2,6]
27,[2,5]
28,[2,6]
29,[2,7]
30,[2,8]
31,[3,8]
32,[4,8]
33,[5,8]
34,[6,8]
35,[7,8]
36,[8,8]
37,[9,8]
38,[10,8]
39,[11,8]
40,[10,8]
41,[9,8]
42,[8,8]
43,[7,8]
44,[6,8]
45,[5,8]
46,[4,8]
47,[3,8]
48,[2,8]
49,[2,7]
50,[2,6]
51,[2,5]
52,[2,6]
53,[2,7]
54,[2,8]
55,[3,8]
56,[4,8]
57,[5,8]
58,[6,8]
59,[7,8]
60,[8,8]
61,[9,8]
62,[10,8]
63,[9,8]
64,[8,8]
65,[7,8]
66,[6,8]
67,[5,8]
68,[4,8]
69,[3,8]
70,[2,8]
71,[2,7]
72,[2,6]
73,[2,5]
74,[2,6]
75,[2,7]
76,[2,8]
77,[3,8]
78,[4,8]
79,[5,8]
80,[6,8]
81,[7,8]
82,[8,8]
83,[9,8]
84,[10,8]
85,[11,8]
86,[10,8]
87,[10,7]
88,[10,6]
89,[10,5]
90,[10,4]
91,[10,5]
92,[10,6]
93,[10,7]
94,[10,8]
95,[10,7]
96,[10,6]
97,[10,5]
98,[10,4]
