//Quantitative values
43	//Makespan
43	//Mission completion time hauler 1
16	//Application execution time (in millisecond)
//Path to the final points
0,[3,5]
1,[2,5]
2,[2,4]
3,[2,3]
4,[2,4]
5,[2,5]
6,[2,6]
7,[3,6]
8,[4,6]
9,[3,6]
10,[2,6]
11,[2,5]
12,[2,4]
13,[2,3]
14,[2,4]
15,[2,5]
16,[2,6]
17,[2,7]
18,[3,7]
19,[3,8]
20,[3,9]
21,[3,10]
22,[4,10]
23,[5,10]
24,[5,9]
25,[5,8]
26,[5,7]
27,[5,6]
28,[5,5]
29,[6,5]
30,[7,5]
31,[8,5]
32,[9,5]
33,[10,5]
34,[9,5]
35,[8,5]
36,[7,5]
37,[6,5]
38,[5,5]
39,[5,6]
40,[5,7]
41,[5,8]
42,[5,9]
43,[5,10]
