//Quantitative values
51	//Makespan
51	//Mission completion time hauler 1
49	//Mission completion time hauler 2
33	//Application execution time (in millisecond)
//Path to the final points
0,[2,4],[3,4]
1,[2,3],[2,4]
2,[3,3],[2,5]
3,[4,3],[2,6]
4,[4,2],[2,7]
5,[5,2],[2,8]
6,[6,2],[2,9]
7,[6,1],[2,10]
8,[7,1],[2,11]
9,[7,2],[2,12]
10,[7,3],[2,11]
11,[7,4],[2,10]
12,[7,5],[2,9]
13,[7,6],[3,9]
14,[7,7],[4,9]
15,[8,7],[5,9]
16,[7,7],[6,9]
17,[6,7],[7,9]
18,[5,7],[7,8]
19,[4,7],[7,7]
20,[3,7],[7,6]
21,[2,7],[7,5]
22,[2,8],[7,4]
23,[2,9],[7,3]
24,[2,10],[7,2]
25,[2,11],[7,1]
26,[2,12],[7,2]
27,[2,11],[7,3]
28,[2,10],[7,4]
29,[2,9],[7,5]
30,[2,8],[7,6]
31,[2,7],[7,7]
32,[3,7],[7,8]
33,[4,7],[7,9]
34,[5,7],[7,8]
35,[6,7],[7,7]
36,[7,7],[7,6]
37,[8,7],[7,5]
38,[7,7],[7,4]
39,[7,6],[7,3]
40,[7,5],[7,2]
41,[7,4],[7,1]
42,[7,3],[7,2]
43,[7,2],[7,3]
44,[7,1],[7,4]
45,[7,2],[7,5]
46,[7,3],[7,6]
47,[7,4],[7,7]
48,[7,5],[7,8]
49,[7,6],[7,9]
50,[7,7],[7,9]
51,[8,7],[7,9]
