//Quantitative values
35	//Makespan
35	//Mission completion time hauler 1
34	//Mission completion time hauler 2
34	//Application execution time (in millisecond)
//Path to the final points
0,[5,8],[6,7]
1,[5,8],[5,7]
2,[5,7],[5,6]
3,[5,6],[5,5]
4,[5,5],[5,4]
5,[5,4],[5,3]
6,[5,3],[5,2]
7,[5,2],[6,2]
8,[6,2],[5,2]
9,[5,2],[5,3]
10,[5,3],[5,4]
11,[5,4],[5,5]
12,[5,5],[5,6]
13,[5,6],[5,7]
14,[5,7],[5,6]
15,[5,6],[5,5]
16,[5,5],[5,4]
17,[5,4],[5,3]
18,[5,3],[5,2]
19,[5,2],[6,2]
20,[6,2],[6,3]
21,[6,3],[7,3]
22,[7,3],[7,4]
23,[7,4],[7,5]
24,[7,5],[7,6]
25,[7,6],[7,5]
26,[7,5],[7,4]
27,[7,4],[7,3]
28,[7,3],[6,3]
29,[6,3],[6,2]
30,[6,2],[6,3]
31,[6,3],[7,3]
32,[7,3],[7,4]
33,[7,4],[7,5]
34,[7,5],[7,6]
35,[7,6],[7,6]
