//Quantitative values
117	//Makespan
117	//Mission completion time hauler 1
18	//Application execution time (in millisecond)
//Path to the final points
0,[4,12]
1,[3,12]
2,[3,11]
3,[3,10]
4,[3,9]
5,[3,8]
6,[3,7]
7,[3,6]
8,[4,6]
9,[4,5]
10,[4,4]
11,[4,3]
12,[4,2]
13,[5,2]
14,[4,2]
15,[4,3]
16,[4,4]
17,[4,5]
18,[4,6]
19,[5,6]
20,[4,6]
21,[4,5]
22,[4,4]
23,[4,3]
24,[4,2]
25,[5,2]
26,[5,3]
27,[6,3]
28,[6,4]
29,[6,5]
30,[6,6]
31,[7,6]
32,[8,6]
33,[9,6]
34,[9,7]
35,[9,8]
36,[9,9]
37,[9,10]
38,[9,11]
39,[9,10]
40,[9,9]
41,[9,8]
42,[9,7]
43,[9,6]
44,[8,6]
45,[8,5]
46,[8,6]
47,[8,7]
48,[8,8]
49,[8,9]
50,[8,10]
51,[8,11]
52,[7,11]
53,[7,10]
54,[7,9]
55,[7,8]
56,[7,7]
57,[6,7]
58,[6,6]
59,[6,5]
60,[6,4]
61,[6,3]
62,[5,3]
63,[5,2]
64,[5,3]
65,[6,3]
66,[6,4]
67,[6,5]
68,[6,6]
69,[7,6]
70,[8,6]
71,[9,6]
72,[8,6]
73,[7,6]
74,[6,6]
75,[6,5]
76,[6,4]
77,[6,3]
78,[5,3]
79,[5,2]
80,[5,3]
81,[6,3]
82,[6,4]
83,[6,5]
84,[6,6]
85,[7,6]
86,[8,6]
87,[9,6]
88,[9,7]
89,[9,8]
90,[9,9]
91,[9,10]
92,[9,11]
93,[9,10]
94,[9,9]
95,[9,8]
96,[9,7]
97,[9,6]
98,[8,6]
99,[8,5]
100,[7,5]
101,[6,5]
102,[5,5]
103,[5,6]
104,[5,7]
105,[5,8]
106,[5,9]
107,[6,9]
108,[7,9]
109,[7,10]
110,[7,11]
111,[8,11]
112,[9,11]
113,[9,10]
114,[9,9]
115,[9,8]
116,[9,7]
117,[9,6]
