//Quantitative values
128	//Makespan
128	//Mission completion time hauler 1
20	//Application execution time (in millisecond)
//Path to the final points
0,[7,2]
1,[6,2]
2,[5,2]
3,[4,2]
4,[3,2]
5,[2,2]
6,[1,2]
7,[1,1]
8,[1,2]
9,[1,3]
10,[1,4]
11,[1,5]
12,[2,5]
13,[3,5]
14,[4,5]
15,[4,6]
16,[4,7]
17,[5,7]
18,[5,8]
19,[5,9]
20,[6,9]
21,[7,9]
22,[7,8]
23,[7,7]
24,[7,6]
25,[7,5]
26,[7,4]
27,[8,4]
28,[8,3]
29,[8,4]
30,[7,4]
31,[7,5]
32,[7,6]
33,[7,7]
34,[7,8]
35,[7,9]
36,[6,9]
37,[5,9]
38,[4,9]
39,[3,9]
40,[2,9]
41,[1,9]
42,[1,10]
43,[2,10]
44,[2,11]
45,[3,11]
46,[4,11]
47,[5,11]
48,[4,11]
49,[3,11]
50,[2,11]
51,[2,10]
52,[1,10]
53,[1,9]
54,[2,9]
55,[3,9]
56,[4,9]
57,[5,9]
58,[6,9]
59,[7,9]
60,[7,8]
61,[7,7]
62,[7,6]
63,[7,5]
64,[7,4]
65,[8,4]
66,[8,3]
67,[8,2]
68,[7,2]
69,[6,2]
70,[5,2]
71,[4,2]
72,[4,1]
73,[3,1]
74,[2,1]
75,[1,1]
76,[1,2]
77,[1,3]
78,[1,4]
79,[1,5]
80,[2,5]
81,[3,5]
82,[4,5]
83,[4,6]
84,[4,7]
85,[5,7]
86,[5,8]
87,[5,9]
88,[5,10]
89,[5,11]
90,[5,10]
91,[5,9]
92,[5,8]
93,[6,8]
94,[7,8]
95,[7,7]
96,[7,6]
97,[7,5]
98,[7,4]
99,[8,4]
100,[8,3]
101,[8,2]
102,[7,2]
103,[6,2]
104,[5,2]
105,[4,2]
106,[4,1]
107,[4,2]
108,[4,3]
109,[4,4]
110,[4,5]
111,[4,6]
112,[4,7]
113,[3,7]
114,[2,7]
115,[2,8]
116,[1,8]
117,[1,9]
118,[1,10]
119,[2,10]
120,[2,11]
121,[3,11]
122,[4,11]
123,[5,11]
124,[4,11]
125,[3,11]
126,[2,11]
127,[2,10]
128,[1,10]
