//Quantitative values
126	//Makespan
126	//Mission completion time hauler 1
50	//Application execution time (in millisecond)
//Path to the final points
0,[3,8]
1,[3,9]
2,[4,9]
3,[4,10]
4,[5,10]
5,[5,9]
6,[5,8]
7,[6,8]
8,[7,8]
9,[8,8]
10,[9,8]
11,[9,7]
12,[10,7]
13,[11,7]
14,[10,7]
15,[9,7]
16,[9,6]
17,[8,6]
18,[7,6]
19,[6,6]
20,[6,5]
21,[6,4]
22,[6,3]
23,[6,2]
24,[6,1]
25,[7,1]
26,[8,1]
27,[9,1]
28,[10,1]
29,[11,1]
30,[10,1]
31,[9,1]
32,[8,1]
33,[8,2]
34,[8,3]
35,[9,3]
36,[9,4]
37,[9,5]
38,[9,6]
39,[9,7]
40,[9,8]
41,[9,9]
42,[9,8]
43,[9,7]
44,[10,7]
45,[11,7]
46,[10,7]
47,[9,7]
48,[9,6]
49,[8,6]
50,[7,6]
51,[6,6]
52,[6,7]
53,[6,8]
54,[6,9]
55,[6,10]
56,[7,10]
57,[8,10]
58,[9,10]
59,[10,10]
60,[9,10]
61,[9,9]
62,[9,10]
63,[10,10]
64,[9,10]
65,[8,10]
66,[7,10]
67,[6,10]
68,[6,9]
69,[6,8]
70,[6,7]
71,[6,6]
72,[6,7]
73,[6,8]
74,[6,9]
75,[6,10]
76,[7,10]
77,[8,10]
78,[9,10]
79,[10,10]
80,[9,10]
81,[8,10]
82,[7,10]
83,[6,10]
84,[5,10]
85,[4,10]
86,[4,11]
87,[3,11]
88,[3,12]
89,[3,11]
90,[4,11]
91,[4,10]
92,[5,10]
93,[5,9]
94,[5,8]
95,[5,7]
96,[5,6]
97,[5,5]
98,[5,4]
99,[5,3]
100,[5,2]
101,[5,1]
102,[6,1]
103,[7,1]
104,[8,1]
105,[9,1]
106,[10,1]
107,[11,1]
108,[10,1]
109,[9,1]
110,[8,1]
111,[7,1]
112,[6,1]
113,[5,1]
114,[5,2]
115,[5,3]
116,[5,4]
117,[5,5]
118,[5,6]
119,[5,7]
120,[5,8]
121,[5,9]
122,[5,10]
123,[4,10]
124,[4,11]
125,[3,11]
126,[3,12]
