//Quantitative values
143	//Makespan
143	//Mission completion time hauler 1
50	//Application execution time (in millisecond)
//Path to the final points
0,[1,3]
1,[1,2]
2,[1,1]
3,[2,1]
4,[2,2]
5,[3,2]
6,[3,3]
7,[3,4]
8,[3,5]
9,[3,6]
10,[3,7]
11,[3,8]
12,[3,9]
13,[4,9]
14,[5,9]
15,[6,9]
16,[7,9]
17,[8,9]
18,[8,10]
19,[9,10]
20,[10,10]
21,[10,11]
22,[11,11]
23,[10,11]
24,[10,10]
25,[9,10]
26,[8,10]
27,[8,9]
28,[7,9]
29,[7,8]
30,[7,9]
31,[8,9]
32,[8,10]
33,[9,10]
34,[10,10]
35,[10,11]
36,[11,11]
37,[10,11]
38,[10,10]
39,[10,9]
40,[10,8]
41,[10,7]
42,[10,6]
43,[11,6]
44,[12,6]
45,[11,6]
46,[10,6]
47,[10,7]
48,[10,8]
49,[10,9]
50,[10,10]
51,[10,11]
52,[11,11]
53,[10,11]
54,[10,10]
55,[9,10]
56,[8,10]
57,[8,9]
58,[7,9]
59,[7,8]
60,[6,8]
61,[5,8]
62,[4,8]
63,[3,8]
64,[3,7]
65,[3,6]
66,[3,5]
67,[3,4]
68,[3,3]
69,[3,2]
70,[3,3]
71,[3,4]
72,[3,5]
73,[3,6]
74,[4,6]
75,[5,6]
76,[6,6]
77,[7,6]
78,[8,6]
79,[9,6]
80,[10,6]
81,[11,6]
82,[12,6]
83,[11,6]
84,[10,6]
85,[10,5]
86,[10,4]
87,[10,3]
88,[9,3]
89,[9,4]
90,[9,5]
91,[8,5]
92,[8,6]
93,[7,6]
94,[7,7]
95,[7,8]
96,[7,7]
97,[7,6]
98,[8,6]
99,[8,5]
100,[9,5]
101,[9,4]
102,[9,3]
103,[10,3]
104,[10,4]
105,[10,5]
106,[10,6]
107,[11,6]
108,[12,6]
109,[11,6]
110,[10,6]
111,[10,7]
112,[10,8]
113,[10,9]
114,[10,10]
115,[10,11]
116,[11,11]
117,[10,11]
118,[10,10]
119,[10,9]
120,[10,8]
121,[10,7]
122,[10,6]
123,[11,6]
124,[12,6]
125,[11,6]
126,[10,6]
127,[10,5]
128,[10,4]
129,[10,3]
130,[9,3]
131,[9,4]
132,[9,5]
133,[8,5]
134,[8,6]
135,[7,6]
136,[7,7]
137,[7,8]
138,[7,7]
139,[7,6]
140,[8,6]
141,[8,5]
142,[9,5]
143,[9,4]
