//Quantitative values
99	//Makespan
99	//Mission completion time hauler 1
26	//Application execution time (in millisecond)
//Path to the final points
0,[5,4]
1,[4,4]
2,[3,4]
3,[2,4]
4,[2,3]
5,[2,2]
6,[2,1]
7,[1,1]
8,[2,1]
9,[2,2]
10,[2,3]
11,[2,4]
12,[3,4]
13,[3,5]
14,[3,6]
15,[3,7]
16,[3,8]
17,[3,9]
18,[4,9]
19,[5,9]
20,[4,9]
21,[3,9]
22,[3,8]
23,[3,7]
24,[3,6]
25,[3,5]
26,[3,4]
27,[2,4]
28,[2,3]
29,[2,2]
30,[2,1]
31,[1,1]
32,[2,1]
33,[2,2]
34,[2,3]
35,[2,4]
36,[3,4]
37,[4,4]
38,[5,4]
39,[6,4]
40,[7,4]
41,[8,4]
42,[8,5]
43,[9,5]
44,[10,5]
45,[11,5]
46,[10,5]
47,[9,5]
48,[8,5]
49,[8,4]
50,[7,4]
51,[6,4]
52,[5,4]
53,[4,4]
54,[3,4]
55,[2,4]
56,[2,3]
57,[2,2]
58,[2,1]
59,[1,1]
60,[2,1]
61,[2,2]
62,[2,3]
63,[2,4]
64,[3,4]
65,[4,4]
66,[5,4]
67,[6,4]
68,[7,4]
69,[8,4]
70,[8,5]
71,[9,5]
72,[10,5]
73,[11,5]
74,[10,5]
75,[9,5]
76,[8,5]
77,[8,4]
78,[7,4]
79,[6,4]
80,[5,4]
81,[4,4]
82,[3,4]
83,[2,4]
84,[2,3]
85,[2,2]
86,[2,1]
87,[1,1]
88,[2,1]
89,[2,2]
90,[2,3]
91,[2,4]
92,[3,4]
93,[3,5]
94,[3,6]
95,[3,7]
96,[3,8]
97,[3,9]
98,[4,9]
99,[5,9]
