//Quantitative values
74	//Makespan
74	//Mission completion time hauler 1
13	//Application execution time (in millisecond)
//Path to the final points
0,[1,4]
1,[1,5]
2,[1,6]
3,[1,7]
4,[1,8]
5,[1,9]
6,[2,9]
7,[3,9]
8,[4,9]
9,[4,8]
10,[4,7]
11,[4,6]
12,[4,5]
13,[4,4]
14,[4,3]
15,[4,2]
16,[4,1]
17,[5,1]
18,[6,1]
19,[6,2]
20,[6,3]
21,[6,4]
22,[6,5]
23,[6,6]
24,[6,7]
25,[6,8]
26,[7,8]
27,[8,8]
28,[7,8]
29,[6,8]
30,[5,8]
31,[4,8]
32,[4,7]
33,[4,6]
34,[4,5]
35,[4,4]
36,[4,3]
37,[4,2]
38,[4,3]
39,[4,4]
40,[4,5]
41,[4,6]
42,[4,7]
43,[4,8]
44,[4,9]
45,[4,8]
46,[4,7]
47,[4,6]
48,[4,5]
49,[4,4]
50,[4,3]
51,[4,2]
52,[3,2]
53,[3,3]
54,[3,4]
55,[3,5]
56,[3,6]
57,[3,7]
58,[3,8]
59,[3,9]
60,[3,10]
61,[3,11]
62,[3,10]
63,[3,9]
64,[3,8]
65,[3,7]
66,[3,6]
67,[3,5]
68,[3,4]
69,[3,3]
70,[3,2]
71,[3,1]
72,[4,1]
73,[5,1]
74,[6,1]
