//Quantitative values
72	//Makespan
72	//Mission completion time hauler 1
7	//Application execution time (in millisecond)
//Path to the final points
0,[2,5]
1,[2,6]
2,[3,6]
3,[4,6]
4,[5,6]
5,[6,6]
6,[7,6]
7,[8,6]
8,[9,6]
9,[10,6]
10,[11,6]
11,[11,7]
12,[11,8]
13,[12,8]
14,[11,8]
15,[10,8]
16,[10,9]
17,[9,9]
18,[8,9]
19,[7,9]
20,[6,9]
21,[6,10]
22,[6,11]
23,[5,11]
24,[4,11]
25,[3,11]
26,[3,10]
27,[3,9]
28,[3,8]
29,[3,7]
30,[3,6]
31,[3,5]
32,[3,4]
33,[3,5]
34,[3,6]
35,[4,6]
36,[5,6]
37,[6,6]
38,[7,6]
39,[8,6]
40,[9,6]
41,[10,6]
42,[11,6]
43,[11,7]
44,[11,8]
45,[12,8]
46,[11,8]
47,[11,7]
48,[11,6]
49,[10,6]
50,[9,6]
51,[8,6]
52,[7,6]
53,[6,6]
54,[6,5]
55,[6,6]
56,[7,6]
57,[8,6]
58,[9,6]
59,[10,6]
60,[11,6]
61,[11,7]
62,[11,8]
63,[12,8]
64,[11,8]
65,[10,8]
66,[10,9]
67,[9,9]
68,[8,9]
69,[7,9]
70,[6,9]
71,[6,10]
72,[6,11]
