//Quantitative values
95	//Makespan
95	//Mission completion time hauler 1
15	//Application execution time (in millisecond)
//Path to the final points
0,[9,8]
1,[8,8]
2,[7,8]
3,[6,8]
4,[5,8]
5,[4,8]
6,[4,9]
7,[3,9]
8,[3,10]
9,[3,11]
10,[3,10]
11,[3,9]
12,[4,9]
13,[4,8]
14,[4,7]
15,[4,8]
16,[4,9]
17,[3,9]
18,[3,10]
19,[3,11]
20,[3,10]
21,[3,9]
22,[4,9]
23,[4,8]
24,[4,7]
25,[3,7]
26,[3,6]
27,[3,5]
28,[3,4]
29,[3,3]
30,[3,2]
31,[3,1]
32,[3,2]
33,[3,3]
34,[3,4]
35,[3,5]
36,[3,6]
37,[3,7]
38,[4,7]
39,[4,8]
40,[5,8]
41,[6,8]
42,[7,8]
43,[8,8]
44,[9,8]
45,[9,9]
46,[9,8]
47,[8,8]
48,[7,8]
49,[6,8]
50,[5,8]
51,[4,8]
52,[4,7]
53,[3,7]
54,[3,6]
55,[3,5]
56,[3,4]
57,[3,3]
58,[3,2]
59,[3,1]
60,[3,2]
61,[3,3]
62,[3,4]
63,[3,5]
64,[3,6]
65,[3,7]
66,[4,7]
67,[4,8]
68,[4,9]
69,[3,9]
70,[3,10]
71,[3,11]
72,[3,10]
73,[4,10]
74,[5,10]
75,[6,10]
76,[7,10]
77,[8,10]
78,[9,10]
79,[9,9]
80,[9,10]
81,[8,10]
82,[7,10]
83,[6,10]
84,[5,10]
85,[4,10]
86,[3,10]
87,[3,11]
88,[3,10]
89,[4,10]
90,[5,10]
91,[6,10]
92,[7,10]
93,[8,10]
94,[9,10]
95,[9,9]
