//Quantitative values
142	//Makespan
142	//Mission completion time hauler 1
34	//Application execution time (in millisecond)
//Path to the final points
0,[6,2]
1,[6,3]
2,[6,4]
3,[6,5]
4,[6,6]
5,[6,7]
6,[6,8]
7,[6,9]
8,[6,10]
9,[6,11]
10,[7,11]
11,[8,11]
12,[9,11]
13,[10,11]
14,[11,11]
15,[12,11]
16,[11,11]
17,[10,11]
18,[9,11]
19,[8,11]
20,[7,11]
21,[6,11]
22,[5,11]
23,[4,11]
24,[4,10]
25,[4,9]
26,[4,8]
27,[4,7]
28,[4,6]
29,[4,5]
30,[4,4]
31,[4,3]
32,[4,2]
33,[4,3]
34,[4,4]
35,[4,5]
36,[3,5]
37,[3,6]
38,[3,7]
39,[3,8]
40,[3,9]
41,[2,9]
42,[3,9]
43,[3,8]
44,[3,7]
45,[3,6]
46,[3,5]
47,[4,5]
48,[4,4]
49,[4,3]
50,[4,2]
51,[4,3]
52,[4,4]
53,[4,5]
54,[3,5]
55,[3,6]
56,[3,7]
57,[3,8]
58,[3,9]
59,[2,9]
60,[3,9]
61,[3,8]
62,[3,7]
63,[3,6]
64,[3,5]
65,[4,5]
66,[4,4]
67,[4,3]
68,[4,2]
69,[4,3]
70,[4,4]
71,[4,5]
72,[3,5]
73,[3,6]
74,[3,7]
75,[3,8]
76,[3,9]
77,[2,9]
78,[2,10]
79,[2,11]
80,[2,12]
81,[3,12]
82,[4,12]
83,[5,12]
84,[6,12]
85,[7,12]
86,[7,11]
87,[8,11]
88,[9,11]
89,[10,11]
90,[11,11]
91,[12,11]
92,[11,11]
93,[10,11]
94,[9,11]
95,[8,11]
96,[7,11]
97,[6,11]
98,[5,11]
99,[4,11]
100,[4,10]
101,[4,9]
102,[4,8]
103,[4,7]
104,[4,6]
105,[4,5]
106,[4,4]
107,[4,3]
108,[4,2]
109,[4,3]
110,[4,4]
111,[4,5]
112,[4,6]
113,[4,7]
114,[4,8]
115,[4,9]
116,[4,10]
117,[4,11]
118,[5,11]
119,[6,11]
120,[7,11]
121,[8,11]
122,[9,11]
123,[10,11]
124,[11,11]
125,[12,11]
126,[11,11]
127,[10,11]
128,[9,11]
129,[8,11]
130,[7,11]
131,[6,11]
132,[5,11]
133,[4,11]
134,[4,10]
135,[4,9]
136,[4,8]
137,[4,7]
138,[4,6]
139,[4,5]
140,[4,4]
141,[4,3]
142,[4,2]
