//Quantitative values
116	//Makespan
116	//Mission completion time hauler 1
14	//Application execution time (in millisecond)
//Path to the final points
0,[9,1]
1,[8,1]
2,[7,1]
3,[6,1]
4,[5,1]
5,[4,1]
6,[3,1]
7,[2,1]
8,[2,2]
9,[2,3]
10,[2,4]
11,[2,5]
12,[2,6]
13,[2,7]
14,[2,8]
15,[2,9]
16,[2,8]
17,[2,7]
18,[2,6]
19,[2,5]
20,[3,5]
21,[4,5]
22,[5,5]
23,[4,5]
24,[3,5]
25,[2,5]
26,[2,6]
27,[2,7]
28,[2,8]
29,[2,9]
30,[2,10]
31,[2,11]
32,[2,12]
33,[3,12]
34,[4,12]
35,[5,12]
36,[6,12]
37,[7,12]
38,[8,12]
39,[9,12]
40,[10,12]
41,[9,12]
42,[8,12]
43,[7,12]
44,[6,12]
45,[5,12]
46,[4,12]
47,[3,12]
48,[2,12]
49,[2,11]
50,[2,10]
51,[2,9]
52,[2,8]
53,[2,7]
54,[2,6]
55,[2,5]
56,[3,5]
57,[4,5]
58,[5,5]
59,[4,5]
60,[3,5]
61,[2,5]
62,[2,6]
63,[2,7]
64,[2,8]
65,[2,9]
66,[2,10]
67,[2,11]
68,[2,12]
69,[3,12]
70,[4,12]
71,[5,12]
72,[6,12]
73,[7,12]
74,[8,12]
75,[9,12]
76,[10,12]
77,[9,12]
78,[8,12]
79,[7,12]
80,[6,12]
81,[5,12]
82,[4,12]
83,[3,12]
84,[2,12]
85,[2,11]
86,[2,10]
87,[2,9]
88,[2,10]
89,[2,11]
90,[2,12]
91,[3,12]
92,[4,12]
93,[5,12]
94,[6,12]
95,[7,12]
96,[8,12]
97,[9,12]
98,[10,12]
99,[9,12]
100,[8,12]
101,[7,12]
102,[6,12]
103,[5,12]
104,[4,12]
105,[3,12]
106,[2,12]
107,[2,11]
108,[2,10]
109,[2,9]
110,[2,8]
111,[2,7]
112,[2,6]
113,[2,5]
114,[3,5]
115,[4,5]
116,[5,5]
