//Quantitative values
41	//Makespan
41	//Mission completion time hauler 1
19	//Application execution time (in millisecond)
//Path to the final points
0,[11,6]
1,[12,6]
2,[11,6]
3,[10,6]
4,[10,5]
5,[10,4]
6,[9,4]
7,[8,4]
8,[7,4]
9,[6,4]
10,[5,4]
11,[5,5]
12,[5,6]
13,[5,7]
14,[5,8]
15,[5,9]
16,[5,8]
17,[5,7]
18,[5,6]
19,[5,5]
20,[5,4]
21,[5,3]
22,[5,2]
23,[5,1]
24,[6,1]
25,[7,1]
26,[7,2]
27,[7,3]
28,[7,4]
29,[7,5]
30,[7,6]
31,[8,6]
32,[9,6]
33,[10,6]
34,[11,6]
35,[12,6]
36,[11,6]
37,[10,6]
38,[9,6]
39,[8,6]
40,[7,6]
41,[7,7]
