//Quantitative values
55	//Makespan
55	//Mission completion time hauler 1
7	//Application execution time (in millisecond)
//Path to the final points
0,[2,7]
1,[2,8]
2,[2,9]
3,[2,10]
4,[3,10]
5,[4,10]
6,[5,10]
7,[6,10]
8,[7,10]
9,[8,10]
10,[7,10]
11,[6,10]
12,[6,11]
13,[6,12]
14,[5,12]
15,[4,12]
16,[3,12]
17,[2,12]
18,[1,12]
19,[1,11]
20,[1,10]
21,[1,9]
22,[1,8]
23,[1,7]
24,[1,6]
25,[1,5]
26,[1,4]
27,[1,3]
28,[1,2]
29,[1,1]
30,[1,2]
31,[1,3]
32,[1,4]
33,[1,5]
34,[1,6]
35,[1,7]
36,[1,8]
37,[1,9]
38,[1,10]
39,[1,11]
40,[1,12]
41,[2,12]
42,[3,12]
43,[4,12]
44,[5,12]
45,[6,12]
46,[6,11]
47,[6,10]
48,[7,10]
49,[8,10]
50,[7,10]
51,[6,10]
52,[5,10]
53,[4,10]
54,[3,10]
55,[3,9]
