//Quantitative values
60	//Makespan
60	//Mission completion time hauler 1
7	//Application execution time (in millisecond)
//Path to the final points
0,[12,8]
1,[11,8]
2,[10,8]
3,[9,8]
4,[8,8]
5,[7,8]
6,[6,8]
7,[5,8]
8,[4,8]
9,[3,8]
10,[3,7]
11,[3,6]
12,[3,7]
13,[3,8]
14,[3,9]
15,[3,10]
16,[4,10]
17,[5,10]
18,[6,10]
19,[7,10]
20,[6,10]
21,[5,10]
22,[4,10]
23,[3,10]
24,[3,9]
25,[3,8]
26,[3,7]
27,[3,6]
28,[3,5]
29,[3,4]
30,[3,3]
31,[3,2]
32,[3,1]
33,[4,1]
34,[5,1]
35,[6,1]
36,[7,1]
37,[8,1]
38,[8,2]
39,[8,3]
40,[8,4]
41,[8,5]
42,[8,6]
43,[8,7]
44,[8,8]
45,[8,9]
46,[8,10]
47,[8,11]
48,[8,12]
49,[9,12]
50,[10,12]
51,[11,12]
52,[10,12]
53,[9,12]
54,[8,12]
55,[7,12]
56,[6,12]
57,[5,12]
58,[4,12]
59,[3,12]
60,[3,11]
