//Quantitative values
66	//Makespan
66	//Mission completion time hauler 1
4	//Application execution time (in millisecond)
//Path to the final points
0,[10,2]
1,[9,2]
2,[8,2]
3,[7,2]
4,[6,2]
5,[5,2]
6,[5,1]
7,[5,2]
8,[5,3]
9,[5,4]
10,[5,5]
11,[5,6]
12,[5,7]
13,[5,8]
14,[5,9]
15,[5,10]
16,[5,11]
17,[5,12]
18,[6,12]
19,[7,12]
20,[8,12]
21,[9,12]
22,[10,12]
23,[11,12]
24,[12,12]
25,[11,12]
26,[10,12]
27,[9,12]
28,[8,12]
29,[8,11]
30,[8,10]
31,[8,9]
32,[8,8]
33,[8,7]
34,[8,6]
35,[8,5]
36,[8,4]
37,[8,3]
38,[7,3]
39,[6,3]
40,[5,3]
41,[4,3]
42,[3,3]
43,[3,4]
44,[3,5]
45,[3,6]
46,[3,7]
47,[3,8]
48,[3,9]
49,[3,10]
50,[2,10]
51,[2,9]
52,[2,8]
53,[2,7]
54,[2,6]
55,[2,5]
56,[2,4]
57,[2,5]
58,[3,5]
59,[4,5]
60,[5,5]
61,[6,5]
62,[7,5]
63,[8,5]
64,[9,5]
65,[10,5]
66,[11,5]
