//Quantitative values
76	//Makespan
76	//Mission completion time hauler 1
18	//Application execution time (in millisecond)
//Path to the final points
0,[8,10]
1,[7,10]
2,[7,9]
3,[7,8]
4,[7,7]
5,[7,6]
6,[7,5]
7,[7,4]
8,[6,4]
9,[5,4]
10,[4,4]
11,[3,4]
12,[2,4]
13,[1,4]
14,[1,3]
15,[1,2]
16,[1,1]
17,[1,2]
18,[1,3]
19,[1,4]
20,[2,4]
21,[3,4]
22,[4,4]
23,[5,4]
24,[6,4]
25,[7,4]
26,[7,5]
27,[7,6]
28,[7,7]
29,[7,8]
30,[8,8]
31,[7,8]
32,[7,7]
33,[7,6]
34,[7,5]
35,[7,4]
36,[6,4]
37,[5,4]
38,[4,4]
39,[3,4]
40,[2,4]
41,[1,4]
42,[1,3]
43,[1,2]
44,[1,1]
45,[1,2]
46,[1,3]
47,[1,4]
48,[1,5]
49,[1,6]
50,[1,7]
51,[1,8]
52,[1,9]
53,[2,9]
54,[3,9]
55,[4,9]
56,[5,9]
57,[5,8]
58,[5,7]
59,[5,6]
60,[5,5]
61,[5,4]
62,[6,4]
63,[7,4]
64,[7,5]
65,[7,6]
66,[7,7]
67,[7,8]
68,[7,9]
69,[8,9]
70,[9,9]
71,[10,9]
72,[11,9]
73,[10,9]
74,[9,9]
75,[8,9]
76,[8,8]
