//Quantitative values
46	//Makespan
46	//Mission completion time hauler 1
8	//Application execution time (in millisecond)
//Path to the final points
0,[10,9]
1,[10,10]
2,[10,11]
3,[11,11]
4,[10,11]
5,[9,11]
6,[8,11]
7,[7,11]
8,[6,11]
9,[5,11]
10,[4,11]
11,[3,11]
12,[3,10]
13,[3,9]
14,[3,8]
15,[3,7]
16,[3,6]
17,[3,5]
18,[3,6]
19,[3,7]
20,[3,8]
21,[3,9]
22,[3,10]
23,[3,11]
24,[4,11]
25,[5,11]
26,[6,11]
27,[7,11]
28,[8,11]
29,[9,11]
30,[10,11]
31,[11,11]
32,[10,11]
33,[9,11]
34,[8,11]
35,[8,10]
36,[8,9]
37,[8,10]
38,[8,11]
39,[9,11]
40,[10,11]
41,[11,11]
42,[10,11]
43,[9,11]
44,[8,11]
45,[8,10]
46,[8,9]
