//Quantitative values
45	//Makespan
32	//Mission completion time hauler 1
45	//Mission completion time hauler 2
12	//Application execution time (in millisecond)
//Path to the final points
0,[2,8],[6,1]
1,[2,7],[5,1]
2,[2,6],[5,2]
3,[2,5],[5,3]
4,[2,4],[5,4]
5,[3,4],[6,4]
6,[4,4],[7,4]
7,[5,4],[7,5]
8,[6,4],[7,6]
9,[7,4],[7,7]
10,[8,4],[7,8]
11,[9,4],[7,9]
12,[10,4],[7,10]
13,[11,4],[8,10]
14,[12,4],[9,10]
15,[11,4],[10,10]
16,[10,4],[11,10]
17,[9,4],[11,9]
18,[8,4],[11,8]
19,[7,4],[11,7]
20,[6,4],[11,6]
21,[6,3],[11,5]
22,[6,2],[11,4]
23,[5,2],[12,4]
24,[6,2],[11,4]
25,[5,2],[10,4]
26,[6,2],[9,4]
27,[7,2],[8,4]
28,[8,2],[7,4]
29,[9,2],[6,4]
30,[10,2],[7,4]
31,[11,2],[7,5]
32,[12,2],[7,6]
33,[12,2],[7,7]
34,[12,2],[7,8]
35,[12,2],[7,9]
36,[12,2],[7,10]
37,[12,2],[7,9]
38,[12,2],[7,8]
39,[12,2],[7,7]
40,[12,2],[7,6]
41,[12,2],[7,5]
42,[12,2],[7,4]
43,[12,2],[6,4]
44,[12,2],[6,3]
45,[12,2],[6,2]
