//Quantitative values
81	//Makespan
80	//Mission completion time hauler 1
81	//Mission completion time hauler 2
26	//Application execution time (in millisecond)
//Path to the final points
0,[2,4],[1,5]
1,[2,5],[1,4]
2,[2,6],[2,4]
3,[2,7],[3,4]
4,[3,7],[4,4]
5,[3,6],[5,4]
6,[3,5],[6,4]
7,[3,4],[7,4]
8,[4,4],[7,5]
9,[5,4],[7,6]
10,[6,4],[7,7]
11,[7,4],[8,7]
12,[7,5],[9,7]
13,[7,6],[10,7]
14,[7,7],[11,7]
15,[8,7],[12,7]
16,[9,7],[11,7]
17,[9,7],[10,7]
18,[10,7],[9,7]
19,[11,7],[9,8]
20,[12,7],[9,9]
21,[11,7],[9,10]
22,[10,7],[9,11]
23,[9,7],[9,12]
24,[8,7],[8,12]
25,[7,7],[7,12]
26,[7,6],[6,12]
27,[7,5],[5,12]
28,[7,4],[4,12]
29,[6,4],[3,12]
30,[5,4],[3,11]
31,[4,4],[3,10]
32,[3,4],[4,10]
33,[3,5],[4,9]
34,[3,6],[4,8]
35,[3,7],[4,7]
36,[3,6],[4,6]
37,[3,5],[4,5]
38,[3,4],[4,4]
39,[4,4],[5,4]
40,[5,4],[6,4]
41,[6,4],[7,4]
42,[7,4],[7,5]
43,[7,5],[7,6]
44,[7,6],[7,7]
45,[7,7],[8,7]
46,[8,7],[9,7]
47,[9,7],[10,7]
48,[10,7],[11,7]
49,[11,7],[12,7]
50,[12,7],[11,7]
51,[11,7],[10,7]
52,[10,7],[9,7]
53,[9,7],[8,7]
54,[8,7],[7,7]
55,[7,7],[7,6]
56,[7,6],[7,5]
57,[7,5],[7,4]
58,[7,4],[6,4]
59,[6,4],[5,4]
60,[5,4],[4,4]
61,[4,4],[3,4]
62,[3,4],[3,5]
63,[2,4],[3,6]
64,[1,4],[3,7]
65,[1,5],[3,6]
66,[1,6],[3,5]
67,[1,5],[3,4]
68,[1,4],[4,4]
69,[2,4],[5,4]
70,[3,4],[6,4]
71,[4,4],[7,4]
72,[5,4],[7,5]
73,[6,4],[8,5]
74,[7,4],[9,5]
75,[7,5],[10,5]
76,[8,5],[11,5]
77,[9,5],[12,5]
78,[10,5],[11,5]
79,[11,5],[10,5]
80,[12,5],[9,5]
81,[12,5],[8,5]
