//Quantitative values
110	//Makespan
110	//Mission completion time hauler 1
110	//Mission completion time hauler 2
97	//Mission completion time hauler 3
104	//Application execution time (in millisecond)
//Path to the final points
0,[7,3],[7,8],[3,10]
1,[6,3],[6,8],[3,9]
2,[5,3],[5,8],[3,8]
3,[4,3],[4,8],[3,7]
4,[4,4],[3,8],[3,6]
5,[3,4],[2,8],[3,5]
6,[2,4],[2,7],[3,4]
7,[1,4],[1,7],[4,4]
8,[1,5],[2,7],[4,5]
9,[1,6],[2,8],[4,6]
10,[1,7],[2,9],[4,7]
11,[1,6],[2,10],[4,8]
12,[1,5],[2,11],[4,9]
13,[1,4],[3,11],[4,10]
14,[2,4],[3,12],[4,11]
15,[3,4],[4,12],[5,11]
16,[4,4],[5,12],[5,11]
17,[4,5],[6,12],[5,12]
18,[4,6],[7,12],[4,12]
19,[4,7],[8,12],[3,12]
20,[4,8],[7,12],[3,11]
21,[4,9],[6,12],[2,11]
22,[4,10],[5,12],[2,10]
23,[4,11],[4,12],[2,9]
24,[5,11],[3,12],[2,8]
25,[5,10],[3,11],[2,7]
26,[5,9],[2,11],[2,6]
27,[5,8],[2,10],[2,5]
28,[5,7],[2,9],[2,4]
29,[5,6],[2,8],[3,4]
30,[5,5],[2,7],[4,4]
31,[6,5],[2,6],[3,4]
32,[7,5],[2,5],[2,4]
33,[8,5],[3,5],[1,4]
34,[9,5],[4,5],[1,5]
35,[9,4],[5,5],[1,4]
36,[10,4],[6,5],[2,4]
37,[11,4],[7,5],[3,4]
38,[12,4],[8,5],[4,4]
39,[11,4],[9,5],[3,4]
40,[10,4],[9,4],[2,4]
41,[9,4],[10,4],[1,4]
42,[9,5],[11,4],[1,5]
43,[8,5],[12,4],[2,5]
44,[7,5],[11,4],[3,5]
45,[6,5],[10,4],[4,5]
46,[5,5],[9,4],[4,5]
47,[4,5],[9,5],[5,5]
48,[3,5],[8,5],[6,5]
49,[2,5],[7,5],[6,5]
50,[1,5],[6,5],[7,5]
51,[1,6],[5,5],[8,5]
52,[1,7],[4,5],[9,5]
53,[2,7],[3,5],[9,4]
54,[2,8],[2,5],[10,4]
55,[2,9],[1,5],[11,4]
56,[2,10],[1,6],[12,4]
57,[2,11],[1,7],[11,4]
58,[3,11],[2,7],[10,4]
59,[3,12],[2,8],[9,4]
60,[4,12],[2,9],[9,5]
61,[5,12],[2,10],[8,5]
62,[4,12],[2,11],[7,5]
63,[3,12],[3,11],[6,5]
64,[3,11],[3,12],[5,5]
65,[2,11],[4,12],[5,6]
66,[2,10],[5,12],[5,7]
67,[2,9],[5,11],[5,8]
68,[2,8],[5,12],[5,9]
69,[2,7],[4,12],[5,10]
70,[1,7],[3,12],[5,11]
71,[2,7],[3,11],[5,12]
72,[2,8],[2,11],[6,12]
73,[2,9],[2,10],[7,12]
74,[2,10],[2,9],[8,12]
75,[2,11],[2,8],[7,12]
76,[3,11],[2,7],[6,12]
77,[3,12],[2,6],[5,12]
78,[4,12],[2,5],[5,12]
79,[5,12],[2,4],[4,12]
80,[4,12],[3,4],[3,12]
81,[3,12],[4,4],[3,11]
82,[3,11],[4,5],[2,11]
83,[2,11],[4,6],[2,10]
84,[2,10],[4,7],[2,9]
85,[2,9],[4,8],[2,8]
86,[2,8],[4,9],[2,7]
87,[2,7],[4,10],[1,7]
88,[1,7],[4,11],[1,6]
89,[1,6],[5,11],[1,5]
90,[1,5],[4,11],[1,4]
91,[1,4],[4,10],[2,4]
92,[2,4],[4,9],[3,4]
93,[3,4],[4,8],[4,4]
94,[4,4],[4,7],[3,4]
95,[3,4],[4,6],[2,4]
96,[2,4],[4,5],[1,4]
97,[2,5],[4,4],[1,5]
98,[2,6],[3,4],[1,5]
99,[2,7],[2,4],[1,5]
100,[2,8],[2,5],[1,5]
101,[2,7],[2,6],[1,5]
102,[2,6],[2,7],[1,5]
103,[2,5],[2,8],[1,5]
104,[2,4],[2,9],[1,5]
105,[3,4],[2,10],[1,5]
106,[4,4],[2,11],[1,5]
107,[3,4],[3,11],[1,5]
108,[2,4],[3,12],[1,5]
109,[1,4],[4,12],[1,5]
110,[1,5],[5,12],[1,5]
