//Quantitative values
146	//Makespan
146	//Mission completion time hauler 1
146	//Mission completion time hauler 2
118	//Mission completion time hauler 3
112	//Application execution time (in millisecond)
//Path to the final points
0,[5,3],[7,5],[8,10]
1,[5,2],[6,5],[7,10]
2,[5,1],[6,6],[6,10]
3,[6,1],[5,6],[5,10]
4,[7,1],[4,6],[4,10]
5,[8,1],[3,6],[3,10]
6,[9,1],[2,6],[3,9]
7,[10,1],[2,7],[2,9]
8,[11,1],[2,8],[3,9]
9,[12,1],[2,9],[3,10]
10,[11,1],[2,8],[4,10]
11,[10,1],[2,7],[5,10]
12,[9,1],[2,6],[6,10]
13,[9,2],[3,6],[7,10]
14,[9,3],[4,6],[6,10]
15,[9,4],[5,6],[5,10]
16,[9,5],[6,6],[5,11]
17,[8,5],[7,6],[5,12]
18,[8,5],[7,5],[5,11]
19,[7,5],[7,4],[5,10]
20,[6,5],[7,3],[5,9]
21,[6,6],[8,3],[5,8]
22,[5,6],[8,2],[5,7]
23,[4,6],[8,1],[5,6]
24,[3,6],[9,1],[6,6]
25,[2,6],[10,1],[6,5]
26,[2,7],[11,1],[7,5]
27,[2,8],[12,1],[8,5]
28,[2,9],[11,1],[9,5]
29,[3,9],[10,1],[8,5]
30,[3,10],[9,1],[7,5]
31,[4,10],[8,1],[6,5]
32,[5,10],[8,2],[6,6]
33,[6,10],[8,3],[5,6]
34,[7,10],[7,3],[4,6]
35,[7,9],[7,4],[3,6]
36,[7,8],[7,5],[2,6]
37,[7,7],[7,6],[2,7]
38,[7,6],[7,5],[2,8]
39,[7,5],[7,4],[2,9]
40,[7,4],[7,3],[2,8]
41,[7,3],[8,3],[2,7]
42,[8,3],[8,2],[2,6]
43,[8,2],[8,1],[3,6]
44,[8,1],[9,1],[4,6]
45,[9,1],[10,1],[5,6]
46,[10,1],[11,1],[6,6]
47,[11,1],[11,2],[6,5]
48,[12,1],[11,3],[7,5]
49,[11,1],[11,4],[8,5]
50,[10,1],[11,5],[9,5]
51,[9,1],[11,6],[8,5]
52,[8,1],[11,7],[7,5]
53,[8,2],[11,8],[6,5]
54,[8,3],[11,9],[6,6]
55,[7,3],[11,10],[5,6]
56,[7,4],[11,11],[5,7]
57,[7,5],[11,12],[5,8]
58,[7,6],[11,11],[5,9]
59,[7,7],[11,10],[5,10]
60,[7,8],[11,9],[5,11]
61,[7,9],[11,8],[5,12]
62,[7,10],[11,7],[5,11]
63,[7,9],[11,6],[5,10]
64,[7,8],[11,5],[5,9]
65,[7,7],[11,4],[5,8]
66,[7,6],[11,3],[5,7]
67,[7,5],[11,2],[5,6]
68,[7,4],[11,1],[6,6]
69,[7,3],[12,1],[6,5]
70,[8,3],[11,1],[7,5]
71,[8,2],[11,2],[8,5]
72,[8,1],[11,3],[9,5]
73,[9,1],[11,4],[9,4]
74,[10,1],[11,5],[9,3]
75,[11,1],[11,6],[9,2]
76,[12,1],[11,7],[9,1]
77,[11,1],[11,8],[10,1]
78,[10,1],[11,9],[11,1]
79,[9,1],[11,10],[12,1]
80,[8,1],[11,11],[11,1]
81,[8,2],[11,12],[10,1]
82,[8,3],[11,11],[9,1]
83,[7,3],[11,10],[9,2]
84,[7,4],[11,9],[9,3]
85,[7,5],[11,8],[9,4]
86,[7,6],[11,7],[9,5]
87,[7,7],[11,6],[9,4]
88,[7,8],[11,5],[9,3]
89,[7,9],[11,4],[9,2]
90,[7,10],[11,3],[9,1]
91,[6,10],[11,2],[10,1]
92,[5,10],[11,1],[10,1]
93,[4,10],[12,1],[11,1]
94,[3,10],[11,1],[12,1]
95,[3,9],[11,2],[11,1]
96,[2,9],[11,3],[10,1]
97,[3,9],[11,4],[9,1]
98,[3,10],[11,5],[9,2]
99,[4,10],[11,6],[9,3]
100,[5,10],[11,7],[9,4]
101,[6,10],[11,8],[9,5]
102,[7,10],[11,9],[8,5]
103,[7,9],[11,10],[7,5]
104,[7,8],[11,11],[6,5]
105,[7,7],[11,12],[6,6]
106,[7,6],[11,11],[5,6]
107,[7,5],[11,10],[5,7]
108,[7,4],[11,9],[5,8]
109,[7,3],[11,8],[5,9]
110,[8,3],[11,7],[5,10]
111,[8,2],[11,6],[5,11]
112,[8,1],[11,5],[5,12]
113,[9,1],[11,4],[6,12]
114,[10,1],[11,3],[7,12]
115,[11,1],[11,2],[8,12]
116,[12,1],[11,1],[9,12]
117,[11,1],[10,1],[10,12]
118,[10,1],[9,1],[11,12]
119,[9,1],[8,1],[11,12]
120,[8,1],[8,2],[11,12]
121,[8,2],[8,3],[11,12]
122,[8,3],[7,3],[11,12]
123,[7,3],[7,4],[11,12]
124,[7,4],[7,5],[11,12]
125,[7,5],[7,6],[11,12]
126,[7,6],[7,7],[11,12]
127,[7,5],[7,8],[11,12]
128,[7,4],[7,9],[11,12]
129,[7,3],[7,10],[11,12]
130,[8,3],[7,9],[11,12]
131,[8,2],[7,8],[11,12]
132,[8,1],[7,7],[11,12]
133,[9,1],[7,6],[11,12]
134,[10,1],[7,5],[11,12]
135,[9,1],[7,4],[11,12]
136,[8,1],[7,3],[11,12]
137,[8,2],[8,3],[11,12]
138,[8,3],[8,2],[11,12]
139,[7,3],[8,1],[11,12]
140,[7,4],[9,1],[11,12]
141,[7,5],[10,1],[11,12]
142,[7,6],[9,1],[11,12]
143,[7,7],[9,2],[11,12]
144,[7,8],[9,3],[11,12]
145,[7,9],[9,4],[11,12]
146,[7,10],[9,5],[11,12]
