//Quantitative values
110	//Makespan
82	//Mission completion time hauler 1
110	//Mission completion time hauler 2
97	//Mission completion time hauler 3
108	//Application execution time (in millisecond)
//Path to the final points
0,[4,7],[8,8],[7,5]
1,[4,8],[7,8],[6,5]
2,[4,9],[6,8],[5,5]
3,[4,10],[5,8],[4,5]
4,[4,11],[5,9],[3,5]
5,[5,11],[5,10],[3,6]
6,[6,11],[4,10],[3,7]
7,[7,11],[3,10],[3,6]
8,[6,11],[3,9],[3,5]
9,[5,11],[3,8],[3,4]
10,[4,11],[3,7],[3,3]
11,[3,11],[3,8],[3,2]
12,[3,10],[3,9],[4,2]
13,[3,9],[3,10],[5,2]
14,[3,8],[4,10],[5,3]
15,[2,8],[5,10],[5,4]
16,[1,8],[4,10],[5,5]
17,[2,8],[3,10],[5,6]
18,[3,8],[3,9],[5,7]
19,[3,9],[3,8],[5,8]
20,[4,9],[3,7],[5,9]
21,[5,9],[3,6],[6,9]
22,[5,10],[3,5],[7,9]
23,[4,10],[3,4],[8,9]
24,[3,10],[3,3],[9,9]
25,[3,9],[3,2],[8,9]
26,[3,8],[3,1],[7,9]
27,[3,7],[4,1],[6,9]
28,[3,8],[5,1],[5,9]
29,[3,9],[6,1],[5,10]
30,[3,10],[7,1],[5,9]
31,[4,10],[6,1],[4,9]
32,[5,10],[5,1],[3,9]
33,[5,11],[4,1],[3,8]
34,[6,11],[3,1],[2,8]
35,[7,11],[3,2],[1,8]
36,[6,11],[3,3],[2,8]
37,[5,11],[3,4],[3,8]
38,[4,11],[3,5],[3,9]
39,[3,11],[3,6],[3,10]
40,[3,10],[3,7],[3,11]
41,[3,9],[2,7],[4,11]
42,[3,8],[1,7],[5,11]
43,[2,8],[1,8],[6,11]
44,[1,8],[2,8],[7,11]
45,[2,8],[3,8],[6,11]
46,[3,8],[3,9],[5,11]
47,[3,9],[4,9],[5,10]
48,[4,9],[5,9],[5,10]
49,[4,9],[6,9],[5,9]
50,[5,9],[7,9],[5,8]
51,[5,8],[8,9],[5,7]
52,[5,7],[9,9],[5,6]
53,[5,6],[8,9],[5,5]
54,[5,5],[7,9],[5,4]
55,[5,4],[6,9],[5,3]
56,[5,3],[5,9],[5,2]
57,[5,2],[4,9],[4,2]
58,[5,3],[3,9],[3,2]
59,[5,4],[3,8],[3,3]
60,[5,5],[2,8],[3,4]
61,[5,6],[1,8],[3,5]
62,[5,7],[2,8],[3,6]
63,[5,8],[3,8],[3,7]
64,[5,9],[3,9],[3,6]
65,[5,10],[4,9],[3,5]
66,[5,10],[5,9],[3,4]
67,[5,9],[6,9],[3,3]
68,[6,9],[7,9],[3,2]
69,[7,9],[8,9],[4,2]
70,[8,9],[9,9],[5,2]
71,[9,9],[8,9],[4,2]
72,[8,9],[7,9],[3,2]
73,[7,9],[6,9],[3,3]
74,[6,9],[5,9],[3,4]
75,[5,9],[4,9],[3,5]
76,[5,8],[3,9],[3,6]
77,[5,7],[3,8],[3,7]
78,[5,6],[2,8],[3,8]
79,[5,5],[1,8],[3,9]
80,[5,4],[2,8],[3,10]
81,[5,3],[3,8],[4,10]
82,[5,2],[3,9],[5,10]
83,[5,2],[3,10],[5,9]
84,[5,2],[3,11],[6,9]
85,[5,2],[4,11],[7,9]
86,[5,2],[5,11],[8,9]
87,[5,2],[6,11],[9,9]
88,[5,2],[7,11],[8,9]
89,[5,2],[6,11],[7,9]
90,[5,2],[5,11],[7,8]
91,[5,2],[5,10],[7,7]
92,[5,2],[5,9],[7,6]
93,[5,2],[5,8],[7,5]
94,[5,2],[5,7],[7,4]
95,[5,2],[5,6],[7,3]
96,[5,2],[5,5],[7,2]
97,[5,2],[5,4],[7,1]
98,[5,2],[5,3],[7,1]
99,[5,2],[5,2],[7,1]
100,[5,2],[5,3],[7,1]
101,[5,2],[5,4],[7,1]
102,[5,2],[5,5],[7,1]
103,[5,2],[5,6],[7,1]
104,[5,2],[5,7],[7,1]
105,[5,2],[5,8],[7,1]
106,[5,2],[5,9],[7,1]
107,[5,2],[5,10],[7,1]
108,[5,2],[5,11],[7,1]
109,[5,2],[6,11],[7,1]
110,[5,2],[7,11],[7,1]
