//Quantitative values
34	//Makespan
30	//Mission completion time hauler 1
34	//Mission completion time hauler 2
8	//Application execution time (in millisecond)
//Path to the final points
0,[2,4],[3,4]
1,[2,3],[2,4]
2,[3,3],[2,5]
3,[4,3],[2,6]
4,[4,2],[2,7]
5,[5,2],[2,8]
6,[6,2],[2,9]
7,[6,1],[2,10]
8,[7,1],[2,11]
9,[7,2],[2,12]
10,[7,3],[2,11]
11,[7,4],[2,10]
12,[7,5],[2,9]
13,[7,6],[2,8]
14,[7,7],[2,7]
15,[8,7],[3,7]
16,[7,7],[4,7]
17,[7,6],[5,7]
18,[7,5],[6,7]
19,[7,4],[7,7]
20,[7,3],[8,7]
21,[7,2],[7,7]
22,[7,1],[7,6]
23,[7,2],[7,5]
24,[7,3],[7,4]
25,[7,4],[7,3]
26,[7,5],[7,2]
27,[7,6],[7,1]
28,[7,7],[7,2]
29,[7,8],[7,3]
30,[7,9],[7,4]
31,[7,9],[7,5]
32,[7,9],[7,6]
33,[7,9],[7,7]
34,[7,9],[8,7]
