//Quantitative values
22	//Makespan
22	//Mission completion time hauler 1
20	//Mission completion time hauler 2
24	//Application execution time (in millisecond)
//Path to the final points
0,[5,8],[6,7]
1,[5,7],[6,7]
2,[5,6],[5,7]
3,[5,5],[5,8]
4,[5,4],[5,9]
5,[5,3],[5,10]
6,[5,2],[6,10]
7,[6,2],[7,10]
8,[6,3],[8,10]
9,[7,3],[8,11]
10,[7,4],[8,10]
11,[7,5],[7,10]
12,[7,6],[7,9]
13,[7,5],[7,8]
14,[7,4],[7,7]
15,[7,3],[7,6]
16,[6,3],[7,5]
17,[6,2],[7,4]
18,[6,3],[7,3]
19,[7,3],[6,3]
20,[7,4],[6,2]
21,[7,5],[6,2]
22,[7,6],[6,2]
