//Quantitative values
49	//Makespan
49	//Mission completion time hauler 1
24	//Application execution time (in millisecond)
//Path to the final points
0,[8,9]
1,[7,9]
2,[6,9]
3,[5,9]
4,[5,8]
5,[5,7]
6,[6,7]
7,[7,7]
8,[8,7]
9,[9,7]
10,[10,7]
11,[9,7]
12,[8,7]
13,[7,7]
14,[6,7]
15,[5,7]
16,[5,6]
17,[5,5]
18,[5,6]
19,[5,7]
20,[6,7]
21,[7,7]
22,[6,7]
23,[5,7]
24,[5,6]
25,[5,5]
26,[5,6]
27,[5,7]
28,[6,7]
29,[7,7]
30,[6,7]
31,[5,7]
32,[4,7]
33,[3,7]
34,[2,7]
35,[1,7]
36,[1,8]
37,[1,9]
38,[1,8]
39,[1,7]
40,[1,6]
41,[1,5]
42,[1,4]
43,[1,3]
44,[1,2]
45,[2,2]
46,[3,2]
47,[4,2]
48,[5,2]
49,[6,2]
