//Quantitative values
72	//Makespan
72	//Mission completion time hauler 1
14	//Application execution time (in millisecond)
//Path to the final points
0,[2,5]
1,[2,6]
2,[2,7]
3,[2,8]
4,[3,8]
5,[4,8]
6,[5,8]
7,[6,8]
8,[7,8]
9,[8,8]
10,[9,8]
11,[10,8]
12,[11,8]
13,[12,8]
14,[11,8]
15,[10,8]
16,[9,8]
17,[8,8]
18,[7,8]
19,[6,8]
20,[6,9]
21,[6,10]
22,[6,11]
23,[5,11]
24,[4,11]
25,[3,11]
26,[3,10]
27,[3,9]
28,[3,8]
29,[3,7]
30,[3,6]
31,[3,5]
32,[3,4]
33,[3,5]
34,[3,6]
35,[3,7]
36,[3,8]
37,[4,8]
38,[5,8]
39,[6,8]
40,[7,8]
41,[8,8]
42,[9,8]
43,[10,8]
44,[11,8]
45,[12,8]
46,[11,8]
47,[10,8]
48,[9,8]
49,[8,8]
50,[7,8]
51,[6,8]
52,[6,7]
53,[6,6]
54,[6,5]
55,[6,6]
56,[6,7]
57,[6,8]
58,[7,8]
59,[8,8]
60,[9,8]
61,[10,8]
62,[11,8]
63,[12,8]
64,[11,8]
65,[10,8]
66,[9,8]
67,[8,8]
68,[7,8]
69,[6,8]
70,[6,9]
71,[6,10]
72,[6,11]
