//Quantitative values
47	//Makespan
47	//Mission completion time hauler 1
13	//Application execution time (in millisecond)
//Path to the final points
0,[4,12]
1,[4,11]
2,[4,10]
3,[4,9]
4,[4,8]
5,[4,7]
6,[4,6]
7,[5,6]
8,[6,6]
9,[7,6]
10,[8,6]
11,[9,6]
12,[8,6]
13,[8,5]
14,[7,5]
15,[6,5]
16,[5,5]
17,[5,6]
18,[5,7]
19,[5,8]
20,[5,9]
21,[5,10]
22,[5,11]
23,[6,11]
24,[7,11]
25,[8,11]
26,[9,11]
27,[8,11]
28,[7,11]
29,[6,11]
30,[5,11]
31,[5,10]
32,[5,9]
33,[5,8]
34,[5,7]
35,[5,6]
36,[5,5]
37,[5,4]
38,[5,3]
39,[5,2]
40,[5,3]
41,[5,4]
42,[5,5]
43,[5,6]
44,[5,5]
45,[6,5]
46,[7,5]
47,[8,5]
