//Quantitative values
50	//Makespan
50	//Mission completion time hauler 1
12	//Application execution time (in millisecond)
//Path to the final points
0,[3,8]
1,[3,9]
2,[3,10]
3,[4,10]
4,[5,10]
5,[6,10]
6,[7,10]
7,[8,10]
8,[9,10]
9,[10,10]
10,[9,10]
11,[8,10]
12,[7,10]
13,[6,10]
14,[6,9]
15,[6,8]
16,[6,7]
17,[6,6]
18,[5,6]
19,[4,6]
20,[3,6]
21,[3,7]
22,[3,8]
23,[3,9]
24,[3,10]
25,[3,11]
26,[3,12]
27,[3,11]
28,[3,10]
29,[4,10]
30,[5,10]
31,[6,10]
32,[7,10]
33,[8,10]
34,[9,10]
35,[10,10]
36,[9,10]
37,[8,10]
38,[7,10]
39,[6,10]
40,[5,10]
41,[6,10]
42,[7,10]
43,[8,10]
44,[9,10]
45,[10,10]
46,[9,10]
47,[8,10]
48,[7,10]
49,[6,10]
50,[5,10]
