//Quantitative values
68	//Makespan
68	//Mission completion time hauler 1
12	//Application execution time (in millisecond)
//Path to the final points
0,[1,3]
1,[1,4]
2,[2,4]
3,[3,4]
4,[4,4]
5,[5,4]
6,[6,4]
7,[7,4]
8,[8,4]
9,[9,4]
10,[8,4]
11,[7,4]
12,[7,5]
13,[7,6]
14,[7,7]
15,[7,8]
16,[7,7]
17,[7,6]
18,[7,5]
19,[7,4]
20,[7,3]
21,[8,3]
22,[9,3]
23,[10,3]
24,[10,4]
25,[10,5]
26,[10,6]
27,[11,6]
28,[12,6]
29,[11,6]
30,[11,7]
31,[11,8]
32,[11,9]
33,[11,10]
34,[11,11]
35,[10,11]
36,[9,11]
37,[8,11]
38,[7,11]
39,[6,11]
40,[5,11]
41,[4,11]
42,[3,11]
43,[2,11]
44,[2,10]
45,[2,9]
46,[2,8]
47,[2,7]
48,[2,6]
49,[2,5]
50,[2,4]
51,[2,3]
52,[2,2]
53,[2,1]
54,[2,2]
55,[3,2]
56,[3,3]
57,[3,4]
58,[3,5]
59,[3,6]
60,[4,6]
61,[5,6]
62,[6,6]
63,[7,6]
64,[8,6]
65,[9,6]
66,[10,6]
67,[11,6]
68,[12,6]
