//Quantitative values
53	//Makespan
53	//Mission completion time hauler 1
19	//Application execution time (in millisecond)
//Path to the final points
0,[7,9]
1,[7,8]
2,[7,7]
3,[7,6]
4,[7,5]
5,[7,4]
6,[7,3]
7,[7,2]
8,[7,1]
9,[8,1]
10,[9,1]
11,[9,2]
12,[9,3]
13,[9,4]
14,[9,5]
15,[9,6]
16,[9,5]
17,[8,5]
18,[8,4]
19,[8,3]
20,[8,4]
21,[8,5]
22,[9,5]
23,[9,6]
24,[9,5]
25,[8,5]
26,[8,4]
27,[8,3]
28,[8,4]
29,[8,5]
30,[9,5]
31,[9,6]
32,[9,7]
33,[9,8]
34,[9,9]
35,[9,10]
36,[8,10]
37,[7,10]
38,[6,10]
39,[5,10]
40,[4,10]
41,[3,10]
42,[3,11]
43,[3,10]
44,[3,9]
45,[3,8]
46,[3,7]
47,[4,7]
48,[5,7]
49,[6,7]
50,[7,7]
51,[8,7]
52,[9,7]
53,[9,6]
