//Quantitative values
89	//Makespan
89	//Mission completion time hauler 1
30	//Application execution time (in millisecond)
//Path to the final points
0,[8,3]
1,[8,4]
2,[8,3]
3,[8,2]
4,[9,2]
5,[10,2]
6,[11,2]
7,[12,2]
8,[12,3]
9,[12,4]
10,[11,4]
11,[11,5]
12,[11,6]
13,[11,7]
14,[11,6]
15,[11,5]
16,[12,5]
17,[11,5]
18,[11,6]
19,[11,7]
20,[12,7]
21,[12,8]
22,[12,9]
23,[12,10]
24,[11,10]
25,[10,10]
26,[9,10]
27,[9,11]
28,[9,12]
29,[8,12]
30,[7,12]
31,[6,12]
32,[5,12]
33,[4,12]
34,[3,12]
35,[2,12]
36,[1,12]
37,[1,11]
38,[1,10]
39,[1,11]
40,[1,12]
41,[2,12]
42,[3,12]
43,[4,12]
44,[5,12]
45,[6,12]
46,[7,12]
47,[8,12]
48,[9,12]
49,[9,11]
50,[9,10]
51,[10,10]
52,[11,10]
53,[12,10]
54,[12,9]
55,[12,8]
56,[12,7]
57,[11,7]
58,[11,6]
59,[11,5]
60,[11,4]
61,[12,4]
62,[12,3]
63,[12,2]
64,[11,2]
65,[10,2]
66,[9,2]
67,[8,2]
68,[8,3]
69,[8,4]
70,[7,4]
71,[7,5]
72,[7,6]
73,[7,7]
74,[7,8]
75,[7,9]
76,[7,10]
77,[8,10]
78,[9,10]
79,[10,10]
80,[11,10]
81,[12,10]
82,[12,9]
83,[12,8]
84,[12,7]
85,[12,6]
86,[12,5]
87,[11,5]
88,[11,6]
89,[11,7]
