//Quantitative values
65	//Makespan
65	//Mission completion time hauler 1
10	//Application execution time (in millisecond)
//Path to the final points
0,[3,3]
1,[2,3]
2,[1,3]
3,[1,4]
4,[1,5]
5,[1,6]
6,[1,7]
7,[1,8]
8,[1,9]
9,[1,10]
10,[1,11]
11,[1,10]
12,[1,9]
13,[1,8]
14,[1,7]
15,[1,6]
16,[2,6]
17,[3,6]
18,[4,6]
19,[5,6]
20,[6,6]
21,[7,6]
22,[6,6]
23,[5,6]
24,[4,6]
25,[3,6]
26,[2,6]
27,[2,5]
28,[2,4]
29,[2,5]
30,[2,6]
31,[2,7]
32,[2,8]
33,[2,9]
34,[3,9]
35,[2,9]
36,[2,8]
37,[2,7]
38,[2,6]
39,[2,5]
40,[2,4]
41,[2,5]
42,[2,6]
43,[2,7]
44,[3,7]
45,[4,7]
46,[5,7]
47,[6,7]
48,[7,7]
49,[7,6]
50,[7,5]
51,[7,6]
52,[6,6]
53,[5,6]
54,[4,6]
55,[3,6]
56,[2,6]
57,[2,5]
58,[2,4]
59,[2,5]
60,[2,6]
61,[3,6]
62,[4,6]
63,[5,6]
64,[6,6]
65,[7,6]
