//Quantitative values
98	//Makespan
98	//Mission completion time hauler 1
10	//Application execution time (in millisecond)
//Path to the final points
0,[7,5]
1,[7,4]
2,[6,4]
3,[5,4]
4,[6,4]
5,[7,4]
6,[7,5]
7,[8,5]
8,[8,6]
9,[8,7]
10,[8,8]
11,[8,9]
12,[8,10]
13,[9,10]
14,[10,10]
15,[11,10]
16,[10,10]
17,[9,10]
18,[8,10]
19,[7,10]
20,[7,9]
21,[8,9]
22,[9,9]
23,[10,9]
24,[11,9]
25,[10,9]
26,[9,9]
27,[9,10]
28,[9,11]
29,[9,12]
30,[8,12]
31,[7,12]
32,[6,12]
33,[5,12]
34,[4,12]
35,[3,12]
36,[3,11]
37,[3,10]
38,[3,9]
39,[4,9]
40,[5,9]
41,[5,8]
42,[5,7]
43,[5,6]
44,[5,5]
45,[5,4]
46,[6,4]
47,[7,4]
48,[7,5]
49,[8,5]
50,[8,6]
51,[8,7]
52,[8,8]
53,[8,9]
54,[9,9]
55,[10,9]
56,[11,9]
57,[10,9]
58,[9,9]
59,[8,9]
60,[8,8]
61,[8,7]
62,[8,6]
63,[8,5]
64,[7,5]
65,[7,4]
66,[6,4]
67,[5,4]
68,[6,4]
69,[7,4]
70,[7,5]
71,[8,5]
72,[8,6]
73,[8,7]
74,[8,8]
75,[8,9]
76,[8,10]
77,[9,10]
78,[10,10]
79,[11,10]
80,[10,10]
81,[9,10]
82,[8,10]
83,[7,10]
84,[7,9]
85,[7,8]
86,[7,7]
87,[8,7]
88,[8,6]
89,[8,5]
90,[7,5]
91,[7,4]
92,[6,4]
93,[5,4]
94,[5,5]
95,[5,6]
96,[5,7]
97,[4,7]
98,[4,8]
