//Quantitative values
74	//Makespan
74	//Mission completion time hauler 1
27	//Application execution time (in millisecond)
//Path to the final points
0,[5,4]
1,[5,5]
2,[5,6]
3,[5,7]
4,[4,7]
5,[3,7]
6,[3,8]
7,[3,9]
8,[3,8]
9,[3,7]
10,[4,7]
11,[5,7]
12,[5,6]
13,[5,7]
14,[4,7]
15,[3,7]
16,[3,8]
17,[3,9]
18,[3,8]
19,[3,7]
20,[4,7]
21,[5,7]
22,[5,6]
23,[5,5]
24,[5,4]
25,[6,4]
26,[7,4]
27,[6,4]
28,[5,4]
29,[5,5]
30,[5,6]
31,[5,7]
32,[4,7]
33,[3,7]
34,[3,8]
35,[3,9]
36,[3,8]
37,[3,7]
38,[4,7]
39,[5,7]
40,[5,6]
41,[5,5]
42,[5,4]
43,[5,3]
44,[5,2]
45,[6,2]
46,[7,2]
47,[8,2]
48,[9,2]
49,[10,2]
50,[11,2]
51,[12,2]
52,[12,3]
53,[12,4]
54,[11,4]
55,[10,4]
56,[10,5]
57,[10,6]
58,[10,5]
59,[10,4]
60,[11,4]
61,[12,4]
62,[12,3]
63,[12,2]
64,[11,2]
65,[10,2]
66,[9,2]
67,[8,2]
68,[7,2]
69,[6,2]
70,[5,2]
71,[5,3]
72,[5,4]
73,[5,5]
74,[5,6]
