//Quantitative values
107	//Makespan
107	//Mission completion time hauler 1
36	//Application execution time (in millisecond)
//Path to the final points
0,[6,4]
1,[6,3]
2,[7,3]
3,[7,4]
4,[7,5]
5,[7,6]
6,[7,7]
7,[7,8]
8,[7,9]
9,[7,10]
10,[8,10]
11,[9,10]
12,[9,11]
13,[9,12]
14,[10,12]
15,[11,12]
16,[10,12]
17,[9,12]
18,[9,11]
19,[9,10]
20,[8,10]
21,[8,9]
22,[8,8]
23,[8,7]
24,[8,8]
25,[8,9]
26,[8,10]
27,[9,10]
28,[9,11]
29,[9,12]
30,[8,12]
31,[7,12]
32,[6,12]
33,[5,12]
34,[4,12]
35,[3,12]
36,[3,11]
37,[3,10]
38,[3,9]
39,[3,8]
40,[4,8]
41,[5,8]
42,[4,8]
43,[3,8]
44,[3,9]
45,[3,10]
46,[3,11]
47,[3,12]
48,[4,12]
49,[5,12]
50,[6,12]
51,[7,12]
52,[8,12]
53,[9,12]
54,[9,11]
55,[9,10]
56,[8,10]
57,[8,9]
58,[8,10]
59,[9,10]
60,[9,11]
61,[9,12]
62,[10,12]
63,[11,12]
64,[10,12]
65,[9,12]
66,[9,11]
67,[9,10]
68,[8,10]
69,[8,9]
70,[9,9]
71,[10,9]
72,[11,9]
73,[12,9]
74,[12,8]
75,[12,7]
76,[12,6]
77,[12,5]
78,[12,4]
79,[12,3]
80,[12,2]
81,[11,2]
82,[10,2]
83,[9,2]
84,[8,2]
85,[8,3]
86,[8,4]
87,[8,5]
88,[8,6]
89,[8,7]
90,[8,8]
91,[8,9]
92,[8,10]
93,[9,10]
94,[9,11]
95,[9,12]
96,[8,12]
97,[7,12]
98,[6,12]
99,[5,12]
100,[4,12]
101,[3,12]
102,[3,11]
103,[3,10]
104,[3,9]
105,[3,8]
106,[4,8]
107,[5,8]
