//Quantitative values
97	//Makespan
97	//Mission completion time hauler 1
29	//Application execution time (in millisecond)
//Path to the final points
0,[5,2]
1,[5,1]
2,[6,1]
3,[7,1]
4,[8,1]
5,[8,2]
6,[8,3]
7,[8,4]
8,[8,5]
9,[8,6]
10,[8,7]
11,[8,8]
12,[8,9]
13,[8,10]
14,[9,10]
15,[9,11]
16,[10,11]
17,[11,11]
18,[11,10]
19,[11,9]
20,[12,9]
21,[12,8]
22,[12,7]
23,[12,6]
24,[12,5]
25,[12,4]
26,[12,3]
27,[12,2]
28,[11,2]
29,[10,2]
30,[9,2]
31,[8,2]
32,[7,2]
33,[6,2]
34,[5,2]
35,[5,3]
36,[5,4]
37,[5,5]
38,[5,4]
39,[5,3]
40,[5,2]
41,[6,2]
42,[7,2]
43,[8,2]
44,[9,2]
45,[10,2]
46,[11,2]
47,[10,2]
48,[9,2]
49,[8,2]
50,[7,2]
51,[6,2]
52,[5,2]
53,[5,3]
54,[5,4]
55,[5,5]
56,[5,4]
57,[5,3]
58,[5,2]
59,[5,1]
60,[6,1]
61,[7,1]
62,[8,1]
63,[8,2]
64,[8,3]
65,[8,4]
66,[8,5]
67,[8,6]
68,[8,7]
69,[8,8]
70,[8,9]
71,[8,10]
72,[9,10]
73,[9,11]
74,[10,11]
75,[11,11]
76,[10,11]
77,[9,11]
78,[9,12]
79,[8,12]
80,[7,12]
81,[6,12]
82,[5,12]
83,[4,12]
84,[3,12]
85,[3,11]
86,[3,10]
87,[3,9]
88,[3,8]
89,[3,7]
90,[4,7]
91,[5,7]
92,[5,6]
93,[5,5]
94,[5,4]
95,[5,3]
96,[6,3]
97,[7,3]
