//Quantitative values
122	//Makespan
122	//Mission completion time hauler 1
28	//Application execution time (in millisecond)
//Path to the final points
0,[8,10]
1,[7,10]
2,[7,9]
3,[7,8]
4,[7,7]
5,[7,6]
6,[7,5]
7,[7,4]
8,[6,4]
9,[5,4]
10,[5,5]
11,[5,6]
12,[5,7]
13,[4,7]
14,[3,7]
15,[3,8]
16,[3,9]
17,[3,10]
18,[3,11]
19,[3,12]
20,[4,12]
21,[5,12]
22,[6,12]
23,[7,12]
24,[8,12]
25,[9,12]
26,[8,12]
27,[7,12]
28,[6,12]
29,[5,12]
30,[4,12]
31,[3,12]
32,[2,12]
33,[2,11]
34,[2,10]
35,[2,9]
36,[2,8]
37,[2,7]
38,[2,6]
39,[2,5]
40,[2,4]
41,[2,3]
42,[2,4]
43,[2,5]
44,[2,6]
45,[2,7]
46,[2,8]
47,[2,9]
48,[2,10]
49,[2,11]
50,[2,12]
51,[3,12]
52,[4,12]
53,[5,12]
54,[6,12]
55,[7,12]
56,[8,12]
57,[9,12]
58,[8,12]
59,[7,12]
60,[6,12]
61,[5,12]
62,[4,12]
63,[3,12]
64,[2,12]
65,[2,11]
66,[2,10]
67,[2,9]
68,[2,10]
69,[2,11]
70,[2,12]
71,[3,12]
72,[4,12]
73,[5,12]
74,[6,12]
75,[7,12]
76,[8,12]
77,[9,12]
78,[9,11]
79,[9,10]
80,[8,10]
81,[7,10]
82,[7,9]
83,[7,8]
84,[7,7]
85,[7,6]
86,[7,5]
87,[7,4]
88,[6,4]
89,[6,3]
90,[6,2]
91,[5,2]
92,[5,3]
93,[5,4]
94,[5,5]
95,[5,6]
96,[5,7]
97,[4,7]
98,[3,7]
99,[2,7]
100,[2,8]
101,[2,7]
102,[2,6]
103,[2,5]
104,[2,4]
105,[2,3]
106,[1,3]
107,[1,2]
108,[1,1]
109,[2,1]
110,[3,1]
111,[4,1]
112,[5,1]
113,[5,2]
114,[5,3]
115,[5,4]
116,[6,4]
117,[7,4]
118,[7,5]
119,[7,6]
120,[7,7]
121,[7,8]
122,[7,9]
