//Quantitative values
108	//Makespan
108	//Mission completion time hauler 1
16	//Application execution time (in millisecond)
//Path to the final points
0,[9,8]
1,[8,8]
2,[7,8]
3,[6,8]
4,[5,8]
5,[4,8]
6,[3,8]
7,[3,9]
8,[3,10]
9,[3,11]
10,[3,10]
11,[3,9]
12,[3,8]
13,[3,7]
14,[4,7]
15,[3,7]
16,[3,8]
17,[3,9]
18,[3,10]
19,[3,11]
20,[3,10]
21,[3,9]
22,[3,8]
23,[3,7]
24,[4,7]
25,[3,7]
26,[3,8]
27,[3,9]
28,[3,10]
29,[3,11]
30,[3,10]
31,[3,9]
32,[4,9]
33,[5,9]
34,[6,9]
35,[7,9]
36,[8,9]
37,[9,9]
38,[8,9]
39,[7,9]
40,[6,9]
41,[5,9]
42,[4,9]
43,[3,9]
44,[3,8]
45,[3,7]
46,[3,6]
47,[3,5]
48,[3,4]
49,[3,3]
50,[3,2]
51,[3,1]
52,[3,2]
53,[3,3]
54,[3,4]
55,[3,5]
56,[3,6]
57,[3,7]
58,[4,7]
59,[3,7]
60,[3,6]
61,[3,5]
62,[3,4]
63,[3,3]
64,[3,2]
65,[3,1]
66,[3,2]
67,[3,3]
68,[3,4]
69,[3,5]
70,[3,6]
71,[3,7]
72,[3,8]
73,[3,9]
74,[4,9]
75,[5,9]
76,[6,9]
77,[7,9]
78,[8,9]
79,[9,9]
80,[8,9]
81,[7,9]
82,[6,9]
83,[5,9]
84,[4,9]
85,[3,9]
86,[3,10]
87,[3,11]
88,[3,10]
89,[3,9]
90,[4,9]
91,[5,9]
92,[6,9]
93,[7,9]
94,[8,9]
95,[9,9]
96,[8,9]
97,[7,9]
98,[6,9]
99,[5,9]
100,[4,9]
101,[3,9]
102,[3,10]
103,[3,11]
104,[3,10]
105,[3,9]
106,[3,8]
107,[3,7]
108,[4,7]
