//Quantitative values
163	//Makespan
163	//Mission completion time hauler 1
43	//Application execution time (in millisecond)
//Path to the final points
0,[6,2]
1,[6,3]
2,[6,4]
3,[6,5]
4,[6,6]
5,[6,7]
6,[6,8]
7,[6,9]
8,[6,10]
9,[6,11]
10,[7,11]
11,[8,11]
12,[9,11]
13,[10,11]
14,[11,11]
15,[12,11]
16,[11,11]
17,[10,11]
18,[9,11]
19,[8,11]
20,[7,11]
21,[6,11]
22,[5,11]
23,[4,11]
24,[4,10]
25,[4,9]
26,[4,8]
27,[4,7]
28,[4,6]
29,[4,5]
30,[4,4]
31,[4,3]
32,[4,2]
33,[4,3]
34,[4,4]
35,[4,5]
36,[4,6]
37,[4,7]
38,[4,8]
39,[4,9]
40,[4,10]
41,[4,11]
42,[5,11]
43,[6,11]
44,[7,11]
45,[8,11]
46,[9,11]
47,[10,11]
48,[11,11]
49,[12,11]
50,[11,11]
51,[10,11]
52,[9,11]
53,[8,11]
54,[7,11]
55,[6,11]
56,[5,11]
57,[4,11]
58,[4,10]
59,[4,9]
60,[4,8]
61,[4,7]
62,[4,6]
63,[4,5]
64,[4,4]
65,[4,3]
66,[4,2]
67,[4,3]
68,[4,4]
69,[4,5]
70,[3,5]
71,[3,6]
72,[3,7]
73,[3,8]
74,[3,9]
75,[2,9]
76,[2,10]
77,[2,11]
78,[2,12]
79,[3,12]
80,[4,12]
81,[5,12]
82,[6,12]
83,[7,12]
84,[7,11]
85,[8,11]
86,[9,11]
87,[10,11]
88,[11,11]
89,[12,11]
90,[11,11]
91,[10,11]
92,[9,11]
93,[8,11]
94,[7,11]
95,[6,11]
96,[5,11]
97,[4,11]
98,[4,10]
99,[4,9]
100,[4,8]
101,[4,7]
102,[4,6]
103,[4,5]
104,[4,4]
105,[4,3]
106,[4,2]
107,[4,3]
108,[4,4]
109,[4,5]
110,[3,5]
111,[3,6]
112,[3,7]
113,[3,8]
114,[3,9]
115,[2,9]
116,[2,10]
117,[2,11]
118,[2,12]
119,[3,12]
120,[4,12]
121,[5,12]
122,[6,12]
123,[7,12]
124,[7,11]
125,[8,11]
126,[9,11]
127,[10,11]
128,[11,11]
129,[12,11]
130,[11,11]
131,[10,11]
132,[9,11]
133,[8,11]
134,[7,11]
135,[6,11]
136,[5,11]
137,[4,11]
138,[4,10]
139,[4,9]
140,[4,8]
141,[4,7]
142,[4,6]
143,[4,5]
144,[4,4]
145,[4,3]
146,[4,2]
147,[4,3]
148,[4,4]
149,[4,5]
150,[3,5]
151,[3,6]
152,[3,7]
153,[3,8]
154,[3,9]
155,[2,9]
156,[2,10]
157,[2,11]
158,[2,12]
159,[3,12]
160,[4,12]
161,[5,12]
162,[6,12]
163,[7,12]
