//Quantitative values
103	//Makespan
103	//Mission completion time hauler 1
16	//Application execution time (in millisecond)
//Path to the final points
0,[3,4]
1,[3,5]
2,[3,6]
3,[3,7]
4,[3,8]
5,[3,9]
6,[4,9]
7,[5,9]
8,[6,9]
9,[7,9]
10,[8,9]
11,[9,9]
12,[10,9]
13,[11,9]
14,[10,9]
15,[10,8]
16,[10,7]
17,[10,6]
18,[10,5]
19,[10,4]
20,[10,5]
21,[10,6]
22,[10,7]
23,[10,8]
24,[10,9]
25,[10,8]
26,[10,7]
27,[10,6]
28,[10,5]
29,[10,4]
30,[10,5]
31,[10,6]
32,[10,7]
33,[10,8]
34,[10,9]
35,[9,9]
36,[8,9]
37,[7,9]
38,[6,9]
39,[5,9]
40,[4,9]
41,[3,9]
42,[2,9]
43,[1,9]
44,[2,9]
45,[3,9]
46,[4,9]
47,[5,9]
48,[6,9]
49,[7,9]
50,[8,9]
51,[9,9]
52,[10,9]
53,[11,9]
54,[10,9]
55,[10,8]
56,[10,7]
57,[10,6]
58,[10,5]
59,[10,4]
60,[10,5]
61,[10,6]
62,[10,7]
63,[10,8]
64,[10,9]
65,[10,8]
66,[10,7]
67,[10,6]
68,[10,5]
69,[10,4]
70,[10,5]
71,[10,6]
72,[10,7]
73,[10,8]
74,[10,9]
75,[9,9]
76,[8,9]
77,[7,9]
78,[6,9]
79,[5,9]
80,[4,9]
81,[3,9]
82,[2,9]
83,[1,9]
84,[2,9]
85,[3,9]
86,[4,9]
87,[5,9]
88,[6,9]
89,[7,9]
90,[8,9]
91,[9,9]
92,[10,9]
93,[11,9]
94,[10,9]
95,[9,9]
96,[8,9]
97,[7,9]
98,[6,9]
99,[5,9]
100,[4,9]
101,[3,9]
102,[2,9]
103,[1,9]
