//Quantitative values
87	//Makespan
66	//Mission completion time hauler 1
53	//Mission completion time hauler 2
87	//Mission completion time hauler 3
67	//Application execution time (in millisecond)
//Path to the final points
0,[4,8],[11,2],[1,12]
1,[4,9],[10,2],[1,11]
2,[4,10],[10,3],[1,10]
3,[4,11],[10,4],[1,9]
4,[4,12],[10,5],[1,8]
5,[5,12],[10,6],[1,7]
6,[6,12],[10,7],[1,6]
7,[7,12],[10,8],[1,5]
8,[8,12],[10,9],[1,4]
9,[9,12],[10,10],[1,3]
10,[10,12],[10,11],[1,2]
11,[9,12],[10,12],[1,1]
12,[8,12],[9,12],[2,1]
13,[7,12],[9,11],[3,1]
14,[6,12],[9,10],[4,1]
15,[5,12],[9,9],[5,1]
16,[4,12],[9,8],[6,1]
17,[3,12],[9,7],[7,1]
18,[3,11],[8,7],[8,1]
19,[3,10],[7,7],[7,1]
20,[2,10],[6,7],[6,1]
21,[2,9],[5,7],[5,1]
22,[2,8],[5,6],[4,1]
23,[2,7],[5,5],[3,1]
24,[2,8],[5,6],[2,1]
25,[2,9],[5,7],[2,2]
26,[2,10],[6,7],[2,3]
27,[3,10],[7,7],[2,4]
28,[3,11],[8,7],[2,5]
29,[3,12],[9,7],[2,6]
30,[4,12],[8,7],[2,7]
31,[5,12],[7,7],[2,6]
32,[6,12],[6,7],[2,5]
33,[7,12],[5,7],[2,4]
34,[8,12],[5,6],[2,3]
35,[9,12],[5,5],[2,2]
36,[10,12],[4,5],[2,1]
37,[9,12],[3,5],[3,1]
38,[8,12],[2,5],[4,1]
39,[7,12],[2,6],[5,1]
40,[7,11],[2,7],[6,1]
41,[7,10],[2,6],[7,1]
42,[7,9],[2,5],[8,1]
43,[7,8],[3,5],[8,2]
44,[7,7],[4,5],[8,3]
45,[8,7],[5,5],[8,4]
46,[7,7],[5,6],[8,5]
47,[6,7],[5,7],[9,5]
48,[5,7],[5,8],[9,6]
49,[5,6],[4,8],[9,7]
50,[4,6],[4,9],[9,6]
51,[3,6],[4,10],[9,5]
52,[2,6],[4,11],[8,5]
53,[2,7],[4,12],[8,4]
54,[2,8],[4,12],[8,3]
55,[2,9],[4,12],[8,2]
56,[2,10],[4,12],[8,1]
57,[3,10],[4,12],[7,1]
58,[3,11],[4,12],[6,1]
59,[3,12],[4,12],[5,1]
60,[4,12],[4,12],[5,2]
61,[5,12],[4,12],[5,3]
62,[6,12],[4,12],[5,4]
63,[7,12],[4,12],[5,5]
64,[8,12],[4,12],[5,6]
65,[9,12],[4,12],[5,7]
66,[10,12],[4,12],[5,8]
67,[10,12],[4,12],[4,8]
68,[10,12],[4,12],[4,9]
69,[10,12],[4,12],[4,10]
70,[10,12],[4,12],[4,11]
71,[10,12],[4,12],[4,12]
72,[10,12],[4,12],[4,11]
73,[10,12],[4,12],[4,10]
74,[10,12],[4,12],[4,9]
75,[10,12],[4,12],[4,8]
76,[10,12],[4,12],[5,8]
77,[10,12],[4,12],[5,7]
78,[10,12],[4,12],[5,6]
79,[10,12],[4,12],[5,5]
80,[10,12],[4,12],[5,6]
81,[10,12],[4,12],[5,7]
82,[10,12],[4,12],[5,8]
83,[10,12],[4,12],[4,8]
84,[10,12],[4,12],[4,9]
85,[10,12],[4,12],[4,10]
86,[10,12],[4,12],[4,11]
87,[10,12],[4,12],[4,12]
