//Quantitative values
80	//Makespan
80	//Mission completion time hauler 1
26	//Application execution time (in millisecond)
//Path to the final points
0,[7,3]
1,[6,3]
2,[5,3]
3,[4,3]
4,[4,4]
5,[3,4]
6,[2,4]
7,[1,4]
8,[1,5]
9,[1,6]
10,[1,7]
11,[2,7]
12,[2,8]
13,[2,9]
14,[2,10]
15,[2,11]
16,[3,11]
17,[3,12]
18,[4,12]
19,[5,12]
20,[6,12]
21,[7,12]
22,[8,12]
23,[7,12]
24,[6,12]
25,[5,12]
26,[5,11]
27,[5,10]
28,[5,9]
29,[5,8]
30,[5,7]
31,[5,6]
32,[5,5]
33,[6,5]
34,[7,5]
35,[8,5]
36,[9,5]
37,[9,4]
38,[10,4]
39,[11,4]
40,[12,4]
41,[11,4]
42,[10,4]
43,[9,4]
44,[9,5]
45,[8,5]
46,[7,5]
47,[6,5]
48,[5,5]
49,[4,5]
50,[3,5]
51,[2,5]
52,[2,6]
53,[2,7]
54,[2,8]
55,[2,7]
56,[2,6]
57,[2,5]
58,[3,5]
59,[4,5]
60,[5,5]
61,[6,5]
62,[7,5]
63,[8,5]
64,[9,5]
65,[9,4]
66,[10,4]
67,[11,4]
68,[12,4]
69,[11,4]
70,[10,4]
71,[9,4]
72,[9,5]
73,[8,5]
74,[7,5]
75,[6,5]
76,[5,5]
77,[4,5]
78,[3,5]
79,[2,5]
80,[1,5]
