//Quantitative values
52	//Makespan
52	//Mission completion time hauler 1
8	//Application execution time (in millisecond)
//Path to the final points
0,[4,7]
1,[4,8]
2,[4,9]
3,[4,10]
4,[4,11]
5,[5,11]
6,[6,11]
7,[7,11]
8,[6,11]
9,[5,11]
10,[5,10]
11,[5,9]
12,[5,8]
13,[5,7]
14,[5,6]
15,[5,5]
16,[5,4]
17,[5,3]
18,[5,2]
19,[5,3]
20,[5,4]
21,[5,5]
22,[5,6]
23,[5,7]
24,[5,8]
25,[5,9]
26,[4,9]
27,[3,9]
28,[2,9]
29,[1,9]
30,[1,8]
31,[1,9]
32,[2,9]
33,[3,9]
34,[4,9]
35,[5,9]
36,[6,9]
37,[7,9]
38,[8,9]
39,[9,9]
40,[8,9]
41,[7,9]
42,[6,9]
43,[5,9]
44,[5,10]
45,[4,10]
46,[3,10]
47,[3,9]
48,[3,8]
49,[3,7]
50,[2,7]
51,[1,7]
52,[1,8]
