//Quantitative values
74	//Makespan
60	//Mission completion time hauler 1
74	//Mission completion time hauler 2
66	//Mission completion time hauler 3
25	//Application execution time (in millisecond)
//Path to the final points
0,[1,11],[6,2],[12,9]
1,[1,10],[5,2],[11,9]
2,[1,9],[4,2],[10,9]
3,[2,9],[3,2],[9,9]
4,[3,9],[2,2],[8,9]
5,[4,9],[1,2],[8,8]
6,[5,9],[1,3],[8,7]
7,[6,9],[1,4],[8,6]
8,[7,9],[1,5],[8,5]
9,[8,9],[2,5],[8,4]
10,[9,9],[2,6],[8,3]
11,[8,9],[2,7],[8,2]
12,[7,9],[2,8],[8,1]
13,[6,9],[2,7],[9,1]
14,[5,9],[2,6],[10,1]
15,[4,9],[2,5],[9,1]
16,[3,9],[2,4],[8,1]
17,[2,9],[2,3],[7,1]
18,[2,8],[2,2],[6,1]
19,[2,7],[2,1],[5,1]
20,[2,6],[3,1],[4,1]
21,[2,5],[4,1],[3,1]
22,[2,4],[5,1],[2,1]
23,[3,4],[6,1],[2,2]
24,[4,4],[7,1],[2,3]
25,[5,4],[8,1],[2,4]
26,[6,4],[9,1],[2,5]
27,[6,5],[10,1],[2,6]
28,[7,5],[9,1],[2,7]
29,[7,6],[8,1],[2,8]
30,[7,7],[7,1],[2,7]
31,[6,7],[6,1],[2,6]
32,[5,7],[6,2],[2,5]
33,[4,7],[6,3],[2,4]
34,[3,7],[6,4],[2,3]
35,[2,7],[5,4],[3,3]
36,[2,8],[4,4],[4,3]
37,[2,7],[3,4],[5,3]
38,[3,7],[2,4],[6,3]
39,[4,7],[2,3],[7,3]
40,[5,7],[3,3],[8,3]
41,[6,7],[4,3],[9,3]
42,[7,7],[5,3],[10,3]
43,[7,6],[6,3],[11,3]
44,[7,7],[7,3],[12,3]
45,[7,8],[8,3],[11,3]
46,[7,9],[9,3],[10,3]
47,[8,9],[10,3],[9,3]
48,[9,9],[11,3],[8,3]
49,[8,9],[12,3],[7,3]
50,[7,9],[11,3],[6,3]
51,[6,9],[10,3],[5,3]
52,[5,9],[9,3],[4,3]
53,[4,9],[8,3],[3,3]
54,[3,9],[7,3],[2,3]
55,[2,9],[6,3],[1,3]
56,[2,8],[5,3],[1,4]
57,[2,7],[4,3],[2,4]
58,[2,6],[3,3],[3,4]
59,[2,5],[2,3],[4,4]
60,[2,4],[1,3],[5,4]
61,[2,4],[1,4],[6,4]
62,[2,4],[1,5],[5,4]
63,[2,4],[2,5],[4,4]
64,[2,4],[2,6],[3,4]
65,[2,4],[2,7],[2,4]
66,[2,4],[2,8],[1,4]
67,[2,4],[2,9],[1,4]
68,[2,4],[3,9],[1,4]
69,[2,4],[4,9],[1,4]
70,[2,4],[5,9],[1,4]
71,[2,4],[6,9],[1,4]
72,[2,4],[7,9],[1,4]
73,[2,4],[8,9],[1,4]
74,[2,4],[9,9],[1,4]
