//Quantitative values
139	//Makespan
139	//Mission completion time hauler 1
24	//Application execution time (in millisecond)
//Path to the final points
0,[9,8]
1,[9,9]
2,[8,9]
3,[7,9]
4,[6,9]
5,[5,9]
6,[4,9]
7,[3,9]
8,[3,8]
9,[3,7]
10,[3,6]
11,[3,5]
12,[3,4]
13,[3,3]
14,[3,2]
15,[3,1]
16,[3,2]
17,[3,3]
18,[3,4]
19,[3,5]
20,[3,6]
21,[3,7]
22,[4,7]
23,[3,7]
24,[3,6]
25,[3,5]
26,[3,4]
27,[3,3]
28,[3,2]
29,[3,1]
30,[3,2]
31,[3,3]
32,[3,4]
33,[3,5]
34,[3,6]
35,[3,7]
36,[3,8]
37,[3,9]
38,[4,9]
39,[5,9]
40,[6,9]
41,[7,9]
42,[8,9]
43,[9,9]
44,[8,9]
45,[7,9]
46,[6,9]
47,[5,9]
48,[4,9]
49,[3,9]
50,[3,10]
51,[3,11]
52,[3,10]
53,[3,9]
54,[4,9]
55,[5,9]
56,[6,9]
57,[7,9]
58,[8,9]
59,[9,9]
60,[8,9]
61,[7,9]
62,[6,9]
63,[5,9]
64,[4,9]
65,[3,9]
66,[3,8]
67,[3,7]
68,[3,6]
69,[3,5]
70,[3,4]
71,[3,3]
72,[3,2]
73,[3,1]
74,[3,2]
75,[3,3]
76,[3,4]
77,[3,5]
78,[3,6]
79,[3,7]
80,[4,7]
81,[3,7]
82,[3,6]
83,[3,5]
84,[3,4]
85,[3,3]
86,[3,2]
87,[3,1]
88,[3,2]
89,[3,3]
90,[3,4]
91,[3,5]
92,[3,6]
93,[3,7]
94,[4,7]
95,[3,7]
96,[3,8]
97,[3,9]
98,[3,10]
99,[3,11]
100,[3,10]
101,[3,9]
102,[3,8]
103,[3,7]
104,[4,7]
105,[3,7]
106,[3,6]
107,[3,5]
108,[3,4]
109,[3,3]
110,[3,2]
111,[3,1]
112,[3,2]
113,[3,3]
114,[3,4]
115,[3,5]
116,[3,6]
117,[3,7]
118,[3,8]
119,[3,9]
120,[4,9]
121,[5,9]
122,[6,9]
123,[7,9]
124,[8,9]
125,[9,9]
126,[8,9]
127,[7,9]
128,[6,9]
129,[5,9]
130,[4,9]
131,[3,9]
132,[3,8]
133,[3,7]
134,[3,6]
135,[3,5]
136,[3,4]
137,[3,3]
138,[3,2]
139,[3,1]
