//Quantitative values
145	//Makespan
145	//Mission completion time hauler 1
45	//Application execution time (in millisecond)
//Path to the final points
0,[6,2]
1,[5,2]
2,[4,2]
3,[4,3]
4,[4,4]
5,[4,5]
6,[3,5]
7,[3,6]
8,[3,7]
9,[3,8]
10,[3,9]
11,[2,9]
12,[2,10]
13,[2,11]
14,[2,12]
15,[3,12]
16,[4,12]
17,[5,12]
18,[6,12]
19,[7,12]
20,[7,11]
21,[8,11]
22,[9,11]
23,[10,11]
24,[11,11]
25,[12,11]
26,[11,11]
27,[10,11]
28,[9,11]
29,[8,11]
30,[7,11]
31,[7,12]
32,[6,12]
33,[5,12]
34,[4,12]
35,[3,12]
36,[2,12]
37,[2,11]
38,[2,10]
39,[2,9]
40,[3,9]
41,[3,8]
42,[3,7]
43,[3,6]
44,[3,5]
45,[4,5]
46,[4,4]
47,[4,3]
48,[4,2]
49,[4,3]
50,[4,4]
51,[4,5]
52,[4,6]
53,[4,7]
54,[4,8]
55,[4,9]
56,[4,10]
57,[4,11]
58,[5,11]
59,[6,11]
60,[7,11]
61,[8,11]
62,[9,11]
63,[10,11]
64,[11,11]
65,[12,11]
66,[11,11]
67,[10,11]
68,[9,11]
69,[8,11]
70,[7,11]
71,[7,12]
72,[6,12]
73,[5,12]
74,[4,12]
75,[3,12]
76,[2,12]
77,[2,11]
78,[2,10]
79,[2,9]
80,[2,10]
81,[2,11]
82,[2,12]
83,[3,12]
84,[4,12]
85,[5,12]
86,[6,12]
87,[7,12]
88,[7,11]
89,[8,11]
90,[9,11]
91,[10,11]
92,[11,11]
93,[12,11]
94,[11,11]
95,[10,11]
96,[9,11]
97,[8,11]
98,[7,11]
99,[6,11]
100,[5,11]
101,[4,11]
102,[4,10]
103,[4,9]
104,[4,8]
105,[4,7]
106,[4,6]
107,[4,5]
108,[4,4]
109,[4,3]
110,[4,2]
111,[4,3]
112,[4,4]
113,[4,5]
114,[4,6]
115,[4,7]
116,[4,8]
117,[4,9]
118,[4,10]
119,[4,11]
120,[5,11]
121,[6,11]
122,[7,11]
123,[8,11]
124,[9,11]
125,[10,11]
126,[11,11]
127,[12,11]
128,[11,11]
129,[10,11]
130,[9,11]
131,[8,11]
132,[7,11]
133,[7,12]
134,[7,11]
135,[8,11]
136,[9,11]
137,[10,11]
138,[11,11]
139,[12,11]
140,[11,11]
141,[10,11]
142,[9,11]
143,[8,11]
144,[7,11]
145,[7,12]
