//Quantitative values
117	//Makespan
117	//Mission completion time hauler 1
42	//Application execution time (in millisecond)
//Path to the final points
0,[3,4]
1,[3,5]
2,[3,6]
3,[3,7]
4,[3,8]
5,[3,9]
6,[4,9]
7,[5,9]
8,[6,9]
9,[7,9]
10,[8,9]
11,[9,9]
12,[10,9]
13,[11,9]
14,[10,9]
15,[9,9]
16,[8,9]
17,[7,9]
18,[6,9]
19,[5,9]
20,[4,9]
21,[3,9]
22,[2,9]
23,[1,9]
24,[2,9]
25,[3,9]
26,[4,9]
27,[5,9]
28,[6,9]
29,[7,9]
30,[8,9]
31,[9,9]
32,[10,9]
33,[10,8]
34,[10,7]
35,[10,6]
36,[10,5]
37,[10,4]
38,[10,5]
39,[10,6]
40,[10,7]
41,[10,8]
42,[10,9]
43,[11,9]
44,[10,9]
45,[10,8]
46,[10,7]
47,[10,6]
48,[10,5]
49,[10,4]
50,[10,5]
51,[10,6]
52,[10,7]
53,[10,8]
54,[10,9]
55,[10,8]
56,[10,7]
57,[10,6]
58,[10,5]
59,[10,4]
60,[10,5]
61,[10,6]
62,[10,7]
63,[10,8]
64,[10,9]
65,[10,8]
66,[10,7]
67,[10,6]
68,[10,5]
69,[10,4]
70,[10,5]
71,[10,6]
72,[10,7]
73,[10,8]
74,[10,9]
75,[11,9]
76,[10,9]
77,[9,9]
78,[8,9]
79,[7,9]
80,[6,9]
81,[5,9]
82,[4,9]
83,[3,9]
84,[2,9]
85,[1,9]
86,[2,9]
87,[3,9]
88,[4,9]
89,[5,9]
90,[6,9]
91,[7,9]
92,[8,9]
93,[9,9]
94,[10,9]
95,[9,9]
96,[8,9]
97,[7,9]
98,[6,9]
99,[5,9]
100,[4,9]
101,[3,9]
102,[2,9]
103,[1,9]
104,[2,9]
105,[3,9]
106,[4,9]
107,[5,9]
108,[6,9]
109,[7,9]
110,[8,9]
111,[9,9]
112,[10,9]
113,[10,8]
114,[10,7]
115,[10,6]
116,[10,5]
117,[10,4]
