//Quantitative values
123	//Makespan
123	//Mission completion time hauler 1
50	//Application execution time (in millisecond)
//Path to the final points
0,[4,8]
1,[5,8]
2,[6,8]
3,[7,8]
4,[8,8]
5,[9,8]
6,[10,8]
7,[10,7]
8,[10,6]
9,[10,5]
10,[10,4]
11,[10,5]
12,[10,6]
13,[10,7]
14,[10,8]
15,[11,8]
16,[10,8]
17,[10,7]
18,[10,6]
19,[10,5]
20,[10,4]
21,[10,5]
22,[10,6]
23,[10,7]
24,[10,8]
25,[10,7]
26,[10,6]
27,[10,5]
28,[10,4]
29,[10,5]
30,[10,6]
31,[10,7]
32,[10,8]
33,[11,8]
34,[10,8]
35,[9,8]
36,[8,8]
37,[7,8]
38,[6,8]
39,[5,8]
40,[4,8]
41,[3,8]
42,[3,7]
43,[2,7]
44,[2,6]
45,[2,5]
46,[2,6]
47,[2,7]
48,[3,7]
49,[3,8]
50,[4,8]
51,[5,8]
52,[6,8]
53,[7,8]
54,[8,8]
55,[9,8]
56,[10,8]
57,[10,7]
58,[10,6]
59,[10,5]
60,[10,4]
61,[10,5]
62,[10,6]
63,[10,7]
64,[10,8]
65,[11,8]
66,[10,8]
67,[9,8]
68,[8,8]
69,[7,8]
70,[6,8]
71,[5,8]
72,[4,8]
73,[3,8]
74,[3,7]
75,[2,7]
76,[2,6]
77,[2,5]
78,[2,6]
79,[2,7]
80,[3,7]
81,[3,8]
82,[4,8]
83,[5,8]
84,[6,8]
85,[7,8]
86,[8,8]
87,[9,8]
88,[10,8]
89,[11,8]
90,[10,8]
91,[9,8]
92,[8,8]
93,[7,8]
94,[6,8]
95,[5,8]
96,[4,8]
97,[3,8]
98,[3,7]
99,[2,7]
100,[2,6]
101,[2,5]
102,[2,6]
103,[2,7]
104,[3,7]
105,[3,8]
106,[4,8]
107,[5,8]
108,[6,8]
109,[7,8]
110,[8,8]
111,[9,8]
112,[10,8]
113,[9,8]
114,[8,8]
115,[7,8]
116,[6,8]
117,[5,8]
118,[4,8]
119,[3,8]
120,[3,7]
121,[2,7]
122,[2,6]
123,[2,5]
