//Quantitative values
50	//Makespan
50	//Mission completion time hauler 1
21	//Application execution time (in millisecond)
//Path to the final points
0,[5,8]
1,[5,9]
2,[5,10]
3,[6,10]
4,[7,10]
5,[8,10]
6,[8,11]
7,[8,10]
8,[7,10]
9,[6,10]
10,[5,10]
11,[5,9]
12,[5,8]
13,[5,7]
14,[5,8]
15,[5,9]
16,[5,10]
17,[6,10]
18,[7,10]
19,[8,10]
20,[8,11]
21,[8,10]
22,[7,10]
23,[7,9]
24,[7,8]
25,[7,7]
26,[7,6]
27,[7,7]
28,[7,8]
29,[7,9]
30,[7,10]
31,[8,10]
32,[8,11]
33,[8,10]
34,[7,10]
35,[6,10]
36,[5,10]
37,[5,9]
38,[5,8]
39,[5,7]
40,[5,6]
41,[5,5]
42,[5,4]
43,[5,3]
44,[5,2]
45,[6,2]
46,[6,3]
47,[7,3]
48,[7,4]
49,[7,5]
50,[7,6]
