//Quantitative values
78	//Makespan
78	//Mission completion time hauler 1
56	//Mission completion time hauler 2
16	//Application execution time (in millisecond)
//Path to the final points
0,[8,3],[4,3]
1,[7,3],[4,4]
2,[6,3],[4,5]
3,[5,3],[4,6]
4,[4,3],[4,7]
5,[4,4],[4,8]
6,[4,5],[4,9]
7,[4,6],[4,8]
8,[4,7],[4,7]
9,[4,8],[4,6]
10,[4,9],[4,5]
11,[4,10],[4,4]
12,[5,10],[4,3]
13,[6,10],[3,3]
14,[7,10],[2,3]
15,[8,10],[2,2]
16,[9,10],[2,1]
17,[10,10],[1,1]
18,[11,10],[2,1]
19,[10,10],[2,2]
20,[9,10],[2,3]
21,[8,10],[3,3]
22,[7,10],[4,3]
23,[6,10],[4,4]
24,[5,10],[4,5]
25,[4,10],[4,6]
26,[4,9],[4,7]
27,[4,8],[4,8]
28,[4,7],[5,8]
29,[4,6],[6,8]
30,[4,5],[7,8]
31,[4,4],[8,8]
32,[4,3],[8,9]
33,[3,3],[8,10]
34,[2,3],[9,10]
35,[2,2],[10,10]
36,[2,1],[11,10]
37,[1,1],[10,10]
38,[2,1],[9,10]
39,[2,2],[8,10]
40,[2,3],[8,9]
41,[3,3],[8,8]
42,[4,3],[8,9]
43,[4,4],[8,10]
44,[4,5],[9,10]
45,[4,6],[10,10]
46,[4,7],[11,10]
47,[4,8],[10,10]
48,[4,9],[9,10]
49,[4,8],[8,10]
50,[4,7],[8,9]
51,[4,6],[8,8]
52,[4,5],[8,9]
53,[4,4],[8,10]
54,[4,3],[9,10]
55,[3,3],[10,10]
56,[2,3],[11,10]
57,[2,2],[11,10]
58,[2,1],[11,10]
59,[1,1],[11,10]
60,[2,1],[11,10]
61,[2,2],[11,10]
62,[2,3],[11,10]
63,[3,3],[11,10]
64,[4,3],[11,10]
65,[4,4],[11,10]
66,[4,5],[11,10]
67,[4,6],[11,10]
68,[4,7],[11,10]
69,[4,8],[11,10]
70,[5,8],[11,10]
71,[6,8],[11,10]
72,[7,8],[11,10]
73,[8,8],[11,10]
74,[8,9],[11,10]
75,[8,10],[11,10]
76,[9,10],[11,10]
77,[10,10],[11,10]
78,[11,10],[11,10]
