//Quantitative values
60	//Makespan
60	//Mission completion time hauler 1
24	//Application execution time (in millisecond)
//Path to the final points
0,[12,8]
1,[11,8]
2,[10,8]
3,[9,8]
4,[8,8]
5,[8,7]
6,[8,6]
7,[8,5]
8,[8,4]
9,[8,3]
10,[8,2]
11,[8,1]
12,[7,1]
13,[7,2]
14,[7,3]
15,[7,4]
16,[7,5]
17,[7,6]
18,[7,7]
19,[6,7]
20,[5,7]
21,[4,7]
22,[3,7]
23,[3,8]
24,[3,9]
25,[3,10]
26,[3,11]
27,[3,10]
28,[3,9]
29,[3,8]
30,[3,7]
31,[3,6]
32,[3,7]
33,[3,8]
34,[3,9]
35,[3,10]
36,[4,10]
37,[5,10]
38,[6,10]
39,[7,10]
40,[6,10]
41,[5,10]
42,[4,10]
43,[3,10]
44,[3,9]
45,[3,8]
46,[3,7]
47,[3,6]
48,[3,7]
49,[3,8]
50,[3,9]
51,[3,10]
52,[3,11]
53,[3,10]
54,[3,9]
55,[3,8]
56,[3,7]
57,[4,7]
58,[5,7]
59,[6,7]
60,[7,7]
