//Quantitative values
67	//Makespan
67	//Mission completion time hauler 1
23	//Application execution time (in millisecond)
//Path to the final points
0,[11,6]
1,[10,6]
2,[9,6]
3,[8,6]
4,[7,6]
5,[7,5]
6,[7,4]
7,[7,3]
8,[7,2]
9,[7,1]
10,[7,2]
11,[7,3]
12,[7,4]
13,[7,5]
14,[7,6]
15,[7,7]
16,[7,8]
17,[7,9]
18,[7,10]
19,[8,10]
20,[9,10]
21,[10,10]
22,[9,10]
23,[8,10]
24,[7,10]
25,[7,9]
26,[7,8]
27,[7,7]
28,[7,6]
29,[7,5]
30,[7,4]
31,[7,3]
32,[7,2]
33,[7,1]
34,[6,1]
35,[5,1]
36,[5,2]
37,[5,3]
38,[5,4]
39,[5,5]
40,[5,6]
41,[5,7]
42,[5,8]
43,[5,9]
44,[5,8]
45,[5,7]
46,[5,6]
47,[5,5]
48,[5,4]
49,[6,4]
50,[7,4]
51,[8,4]
52,[9,4]
53,[10,4]
54,[10,5]
55,[10,6]
56,[11,6]
57,[12,6]
58,[11,6]
59,[10,6]
60,[10,5]
61,[10,4]
62,[10,5]
63,[10,6]
64,[10,7]
65,[10,8]
66,[10,9]
67,[10,10]
