//Quantitative values
88	//Makespan
88	//Mission completion time hauler 1
13	//Application execution time (in millisecond)
//Path to the final points
0,[10,2]
1,[9,2]
2,[8,2]
3,[7,2]
4,[6,2]
5,[5,2]
6,[4,2]
7,[3,2]
8,[2,2]
9,[2,3]
10,[2,4]
11,[2,5]
12,[2,6]
13,[2,7]
14,[2,8]
15,[2,9]
16,[2,10]
17,[3,10]
18,[3,11]
19,[3,12]
20,[3,11]
21,[3,10]
22,[3,9]
23,[3,8]
24,[3,7]
25,[3,6]
26,[3,5]
27,[4,5]
28,[5,5]
29,[6,5]
30,[7,5]
31,[8,5]
32,[9,5]
33,[10,5]
34,[11,5]
35,[10,5]
36,[9,5]
37,[8,5]
38,[7,5]
39,[6,5]
40,[5,5]
41,[5,4]
42,[5,3]
43,[5,2]
44,[5,1]
45,[5,2]
46,[5,3]
47,[5,4]
48,[5,5]
49,[5,6]
50,[5,7]
51,[5,8]
52,[5,9]
53,[5,10]
54,[5,11]
55,[5,12]
56,[6,12]
57,[7,12]
58,[8,12]
59,[9,12]
60,[10,12]
61,[11,12]
62,[12,12]
63,[11,12]
64,[10,12]
65,[9,12]
66,[8,12]
67,[8,11]
68,[8,10]
69,[8,9]
70,[8,8]
71,[8,7]
72,[8,6]
73,[8,5]
74,[8,4]
75,[8,3]
76,[8,4]
77,[8,5]
78,[8,6]
79,[8,7]
80,[8,8]
81,[8,9]
82,[8,10]
83,[8,11]
84,[8,12]
85,[9,12]
86,[10,12]
87,[11,12]
88,[12,12]
