//Quantitative values
160	//Makespan
160	//Mission completion time hauler 1
16	//Application execution time (in millisecond)
//Path to the final points
0,[8,10]
1,[7,10]
2,[6,10]
3,[5,10]
4,[4,10]
5,[3,10]
6,[2,10]
7,[1,10]
8,[1,9]
9,[1,8]
10,[1,7]
11,[1,6]
12,[1,5]
13,[1,4]
14,[1,3]
15,[1,2]
16,[1,1]
17,[1,2]
18,[1,3]
19,[1,4]
20,[1,5]
21,[1,6]
22,[1,7]
23,[1,8]
24,[1,9]
25,[2,9]
26,[3,9]
27,[4,9]
28,[5,9]
29,[4,9]
30,[3,9]
31,[2,9]
32,[1,9]
33,[1,8]
34,[1,7]
35,[1,6]
36,[1,5]
37,[1,4]
38,[1,3]
39,[1,4]
40,[1,5]
41,[1,6]
42,[1,7]
43,[1,8]
44,[2,8]
45,[3,8]
46,[4,8]
47,[5,8]
48,[6,8]
49,[7,8]
50,[8,8]
51,[7,8]
52,[6,8]
53,[5,8]
54,[4,8]
55,[3,8]
56,[2,8]
57,[1,8]
58,[1,7]
59,[1,6]
60,[1,5]
61,[1,4]
62,[1,3]
63,[1,2]
64,[1,1]
65,[1,2]
66,[1,3]
67,[1,4]
68,[1,5]
69,[1,6]
70,[1,7]
71,[1,8]
72,[1,9]
73,[2,9]
74,[3,9]
75,[4,9]
76,[5,9]
77,[6,9]
78,[7,9]
79,[8,9]
80,[9,9]
81,[8,9]
82,[7,9]
83,[6,9]
84,[5,9]
85,[4,9]
86,[3,9]
87,[2,9]
88,[1,9]
89,[1,8]
90,[1,7]
91,[1,6]
92,[1,5]
93,[1,4]
94,[1,3]
95,[1,2]
96,[1,1]
97,[1,2]
98,[1,3]
99,[1,4]
100,[1,5]
101,[1,6]
102,[1,7]
103,[1,8]
104,[1,9]
105,[2,9]
106,[3,9]
107,[4,9]
108,[5,9]
109,[6,9]
110,[7,9]
111,[8,9]
112,[9,9]
113,[10,9]
114,[11,9]
115,[10,9]
116,[9,9]
117,[8,9]
118,[7,9]
119,[6,9]
120,[5,9]
121,[4,9]
122,[3,9]
123,[2,9]
124,[1,9]
125,[1,8]
126,[1,7]
127,[1,6]
128,[1,5]
129,[1,4]
130,[1,3]
131,[1,4]
132,[1,5]
133,[1,6]
134,[1,7]
135,[1,8]
136,[2,8]
137,[3,8]
138,[4,8]
139,[5,8]
140,[6,8]
141,[7,8]
142,[8,8]
143,[7,8]
144,[6,8]
145,[5,8]
146,[4,8]
147,[3,8]
148,[2,8]
149,[1,8]
150,[1,7]
151,[1,6]
152,[1,5]
153,[1,4]
154,[1,3]
155,[1,4]
156,[1,5]
157,[1,6]
158,[1,7]
159,[1,8]
160,[1,9]
