//Quantitative values
168	//Makespan
168	//Mission completion time hauler 1
40	//Application execution time (in millisecond)
//Path to the final points
0,[2,4]
1,[3,4]
2,[4,4]
3,[5,4]
4,[6,4]
5,[7,4]
6,[7,5]
7,[8,5]
8,[9,5]
9,[10,5]
10,[11,5]
11,[12,5]
12,[11,5]
13,[10,5]
14,[9,5]
15,[8,5]
16,[7,5]
17,[7,4]
18,[6,4]
19,[5,4]
20,[4,4]
21,[3,4]
22,[3,5]
23,[3,6]
24,[3,7]
25,[3,6]
26,[3,5]
27,[3,4]
28,[4,4]
29,[5,4]
30,[6,4]
31,[7,4]
32,[7,5]
33,[8,5]
34,[9,5]
35,[10,5]
36,[11,5]
37,[12,5]
38,[11,5]
39,[10,5]
40,[9,5]
41,[8,5]
42,[7,5]
43,[7,4]
44,[6,4]
45,[5,4]
46,[4,4]
47,[3,4]
48,[2,4]
49,[1,4]
50,[1,5]
51,[1,6]
52,[1,7]
53,[1,8]
54,[1,9]
55,[1,10]
56,[1,11]
57,[1,12]
58,[2,12]
59,[3,12]
60,[4,12]
61,[5,12]
62,[6,12]
63,[7,12]
64,[6,12]
65,[5,12]
66,[4,12]
67,[3,12]
68,[3,11]
69,[3,10]
70,[3,9]
71,[3,8]
72,[3,7]
73,[3,8]
74,[3,9]
75,[3,10]
76,[3,11]
77,[3,12]
78,[4,12]
79,[5,12]
80,[6,12]
81,[7,12]
82,[6,12]
83,[5,12]
84,[4,12]
85,[3,12]
86,[2,12]
87,[1,12]
88,[1,11]
89,[1,10]
90,[1,9]
91,[1,8]
92,[1,7]
93,[1,6]
94,[1,5]
95,[1,4]
96,[2,4]
97,[3,4]
98,[4,4]
99,[5,4]
100,[6,4]
101,[7,4]
102,[7,5]
103,[7,6]
104,[7,7]
105,[8,7]
106,[9,7]
107,[10,7]
108,[11,7]
109,[12,7]
110,[11,7]
111,[10,7]
112,[9,7]
113,[8,7]
114,[7,7]
115,[7,6]
116,[7,5]
117,[7,4]
118,[6,4]
119,[5,4]
120,[4,4]
121,[3,4]
122,[3,5]
123,[3,6]
124,[3,7]
125,[3,6]
126,[3,5]
127,[3,4]
128,[4,4]
129,[5,4]
130,[6,4]
131,[7,4]
132,[7,5]
133,[8,5]
134,[9,5]
135,[10,5]
136,[11,5]
137,[12,5]
138,[11,5]
139,[10,5]
140,[9,5]
141,[8,5]
142,[7,5]
143,[7,4]
144,[6,4]
145,[5,4]
146,[4,4]
147,[3,4]
148,[3,5]
149,[3,6]
150,[3,7]
151,[3,8]
152,[3,9]
153,[3,10]
154,[3,11]
155,[3,12]
156,[4,12]
157,[5,12]
158,[6,12]
159,[7,12]
160,[6,12]
161,[5,12]
162,[4,12]
163,[3,12]
164,[3,11]
165,[3,10]
166,[3,9]
167,[3,8]
168,[3,7]
