//Quantitative values
149	//Makespan
149	//Mission completion time hauler 1
27	//Application execution time (in millisecond)
//Path to the final points
0,[5,12]
1,[5,11]
2,[5,10]
3,[5,9]
4,[5,8]
5,[5,7]
6,[5,6]
7,[6,6]
8,[7,6]
9,[8,6]
10,[9,6]
11,[10,6]
12,[9,6]
13,[8,6]
14,[7,6]
15,[6,6]
16,[5,6]
17,[4,6]
18,[3,6]
19,[2,6]
20,[1,6]
21,[1,7]
22,[1,8]
23,[1,9]
24,[1,10]
25,[1,11]
26,[1,10]
27,[1,9]
28,[1,8]
29,[1,7]
30,[1,6]
31,[2,6]
32,[3,6]
33,[4,6]
34,[5,6]
35,[6,6]
36,[7,6]
37,[8,6]
38,[9,6]
39,[10,6]
40,[9,6]
41,[8,6]
42,[7,6]
43,[6,6]
44,[5,6]
45,[4,6]
46,[3,6]
47,[3,7]
48,[3,8]
49,[3,9]
50,[3,10]
51,[4,10]
52,[5,10]
53,[6,10]
54,[7,10]
55,[8,10]
56,[7,10]
57,[6,10]
58,[5,10]
59,[4,10]
60,[3,10]
61,[2,10]
62,[2,9]
63,[2,8]
64,[2,7]
65,[2,8]
66,[2,9]
67,[2,10]
68,[3,10]
69,[4,10]
70,[5,10]
71,[6,10]
72,[7,10]
73,[8,10]
74,[7,10]
75,[6,10]
76,[5,10]
77,[4,10]
78,[3,10]
79,[2,10]
80,[1,10]
81,[1,11]
82,[1,10]
83,[1,9]
84,[1,8]
85,[1,7]
86,[1,6]
87,[2,6]
88,[3,6]
89,[4,6]
90,[5,6]
91,[6,6]
92,[7,6]
93,[8,6]
94,[9,6]
95,[10,6]
96,[9,6]
97,[8,6]
98,[7,6]
99,[6,6]
100,[5,6]
101,[4,6]
102,[3,6]
103,[3,7]
104,[2,7]
105,[1,7]
106,[1,6]
107,[1,5]
108,[1,4]
109,[1,3]
110,[1,2]
111,[1,1]
112,[1,2]
113,[1,3]
114,[1,4]
115,[1,5]
116,[1,6]
117,[1,7]
118,[1,8]
119,[1,9]
120,[1,10]
121,[1,11]
122,[1,10]
123,[1,9]
124,[1,8]
125,[1,7]
126,[1,6]
127,[2,6]
128,[3,6]
129,[4,6]
130,[5,6]
131,[6,6]
132,[7,6]
133,[8,6]
134,[9,6]
135,[10,6]
136,[9,6]
137,[8,6]
138,[7,6]
139,[6,6]
140,[5,6]
141,[4,6]
142,[3,6]
143,[2,6]
144,[1,6]
145,[1,7]
146,[1,8]
147,[1,9]
148,[1,10]
149,[1,11]
