//Quantitative values
32	//Makespan
32	//Mission completion time hauler 1
15	//Mission completion time hauler 2
27	//Mission completion time hauler 3
17	//Application execution time (in millisecond)
//Path to the final points
0,[4,8],[11,2],[1,12]
1,[5,8],[10,2],[1,11]
2,[5,7],[10,3],[1,10]
3,[5,6],[9,3],[1,9]
4,[5,5],[9,4],[1,8]
5,[5,4],[9,5],[1,7]
6,[5,3],[9,6],[1,6]
7,[5,2],[9,7],[1,5]
8,[5,1],[8,7],[2,5]
9,[6,1],[9,7],[3,5]
10,[7,1],[9,8],[4,5]
11,[8,1],[9,9],[5,5]
12,[7,1],[9,10],[5,6]
13,[6,1],[9,11],[5,7]
14,[5,1],[9,12],[6,7]
15,[4,1],[10,12],[7,7]
16,[3,1],[10,12],[8,7]
17,[2,1],[10,12],[9,7]
18,[2,2],[10,12],[8,7]
19,[2,3],[10,12],[7,7]
20,[2,4],[10,12],[6,7]
21,[2,5],[10,12],[5,7]
22,[2,6],[10,12],[5,8]
23,[2,7],[10,12],[4,8]
24,[2,6],[10,12],[4,9]
25,[2,5],[10,12],[4,10]
26,[3,5],[10,12],[4,11]
27,[4,5],[10,12],[4,12]
28,[5,5],[10,12],[4,12]
29,[5,6],[10,12],[4,12]
30,[5,7],[10,12],[4,12]
31,[6,7],[10,12],[4,12]
32,[7,7],[10,12],[4,12]
