//Quantitative values
48	//Makespan
48	//Mission completion time hauler 1
4	//Application execution time (in millisecond)
//Path to the final points
0,[7,3]
1,[6,3]
2,[5,3]
3,[4,3]
4,[3,3]
5,[2,3]
6,[1,3]
7,[1,4]
8,[1,5]
9,[1,6]
10,[1,7]
11,[1,8]
12,[1,9]
13,[1,10]
14,[1,11]
15,[1,12]
16,[2,12]
17,[3,12]
18,[4,12]
19,[5,12]
20,[6,12]
21,[7,12]
22,[8,12]
23,[7,12]
24,[6,12]
25,[5,12]
26,[4,12]
27,[3,12]
28,[2,12]
29,[1,12]
30,[1,11]
31,[1,10]
32,[1,9]
33,[1,8]
34,[1,7]
35,[1,6]
36,[1,5]
37,[1,4]
38,[2,4]
39,[3,4]
40,[4,4]
41,[5,4]
42,[6,4]
43,[7,4]
44,[8,4]
45,[9,4]
46,[10,4]
47,[11,4]
48,[12,4]
