//Quantitative values
100	//Makespan
100	//Mission completion time hauler 1
74	//Mission completion time hauler 2
23	//Application execution time (in millisecond)
//Path to the final points
0,[6,4],[8,12]
1,[6,5],[8,11]
2,[6,6],[8,10]
3,[7,6],[8,9]
4,[7,7],[9,9]
5,[7,8],[10,9]
6,[7,9],[9,9]
7,[8,9],[8,9]
8,[9,9],[7,9]
9,[10,9],[6,9]
10,[9,9],[5,9]
11,[8,9],[5,8]
12,[7,9],[4,8]
13,[6,9],[4,7]
14,[5,9],[4,6]
15,[5,8],[4,5]
16,[4,8],[4,4]
17,[4,7],[4,5]
18,[4,6],[4,6]
19,[4,5],[4,7]
20,[4,4],[4,8]
21,[4,5],[5,8]
22,[4,6],[5,9]
23,[4,7],[5,10]
24,[4,8],[5,11]
25,[5,8],[5,12]
26,[5,9],[5,11]
27,[6,9],[5,10]
28,[7,9],[5,9]
29,[8,9],[5,8]
30,[9,9],[6,8]
31,[10,9],[5,8]
32,[9,9],[5,9]
33,[8,9],[5,10]
34,[7,9],[5,11]
35,[6,9],[5,12]
36,[6,8],[5,11]
37,[6,9],[5,10]
38,[7,9],[5,9]
39,[8,9],[5,8]
40,[9,9],[6,8]
41,[10,9],[6,9]
42,[9,9],[7,9]
43,[8,9],[8,9]
44,[7,9],[9,9]
45,[6,9],[10,9]
46,[6,8],[9,9]
47,[5,8],[8,9]
48,[5,9],[7,9]
49,[5,10],[6,9]
50,[5,11],[6,8]
51,[5,12],[6,9]
52,[5,11],[7,9]
53,[5,10],[8,9]
54,[5,9],[9,9]
55,[5,8],[10,9]
56,[4,8],[9,9]
57,[4,7],[8,9]
58,[4,6],[7,9]
59,[4,5],[6,9]
60,[4,4],[6,8]
61,[4,5],[5,8]
62,[4,6],[5,9]
63,[4,7],[5,10]
64,[4,8],[5,11]
65,[5,8],[5,12]
66,[5,9],[5,11]
67,[6,9],[5,10]
68,[7,9],[5,9]
69,[8,9],[5,8]
70,[9,9],[4,8]
71,[10,9],[4,7]
72,[9,9],[4,6]
73,[8,9],[4,5]
74,[7,9],[4,4]
75,[6,9],[4,4]
76,[5,9],[4,4]
77,[5,8],[4,4]
78,[4,8],[4,4]
79,[4,7],[4,4]
80,[4,6],[4,4]
81,[4,5],[4,4]
82,[4,4],[4,4]
83,[4,5],[4,4]
84,[4,6],[4,4]
85,[4,7],[4,4]
86,[4,8],[4,4]
87,[5,8],[4,4]
88,[5,9],[4,4]
89,[5,10],[4,4]
90,[5,11],[4,4]
91,[5,12],[4,4]
92,[5,11],[4,4]
93,[5,10],[4,4]
94,[5,9],[4,4]
95,[5,8],[4,4]
96,[4,8],[4,4]
97,[4,7],[4,4]
98,[4,6],[4,4]
99,[4,5],[4,4]
100,[4,4],[4,4]
