//Quantitative values
102	//Makespan
102	//Mission completion time hauler 1
33	//Application execution time (in millisecond)
//Path to the final points
0,[2,4]
1,[2,3]
2,[3,3]
3,[4,3]
4,[4,2]
5,[5,2]
6,[6,2]
7,[6,1]
8,[7,1]
9,[7,2]
10,[7,3]
11,[7,4]
12,[7,5]
13,[7,6]
14,[7,7]
15,[7,8]
16,[7,9]
17,[6,9]
18,[5,9]
19,[4,9]
20,[3,9]
21,[2,9]
22,[2,10]
23,[2,11]
24,[2,12]
25,[2,11]
26,[2,10]
27,[2,9]
28,[2,8]
29,[2,7]
30,[3,7]
31,[4,7]
32,[5,7]
33,[6,7]
34,[7,7]
35,[8,7]
36,[7,7]
37,[6,7]
38,[5,7]
39,[4,7]
40,[3,7]
41,[2,7]
42,[2,8]
43,[2,9]
44,[2,10]
45,[2,11]
46,[2,12]
47,[2,11]
48,[2,10]
49,[2,9]
50,[3,9]
51,[4,9]
52,[5,9]
53,[6,9]
54,[7,9]
55,[7,8]
56,[7,7]
57,[7,6]
58,[7,5]
59,[7,4]
60,[7,3]
61,[7,2]
62,[7,1]
63,[7,2]
64,[7,3]
65,[7,4]
66,[7,5]
67,[7,6]
68,[7,7]
69,[7,8]
70,[7,9]
71,[6,9]
72,[5,9]
73,[4,9]
74,[3,9]
75,[2,9]
76,[2,10]
77,[2,11]
78,[2,12]
79,[2,11]
80,[2,10]
81,[2,9]
82,[3,9]
83,[4,9]
84,[5,9]
85,[6,9]
86,[7,9]
87,[7,8]
88,[7,7]
89,[7,6]
90,[7,5]
91,[7,4]
92,[7,3]
93,[7,2]
94,[7,1]
95,[7,2]
96,[7,3]
97,[7,4]
98,[7,5]
99,[7,6]
100,[7,7]
101,[7,8]
102,[7,9]
