//Quantitative values
69	//Makespan
69	//Mission completion time hauler 1
17	//Application execution time (in millisecond)
//Path to the final points
0,[5,8]
1,[5,7]
2,[5,6]
3,[5,5]
4,[5,4]
5,[5,3]
6,[5,2]
7,[6,2]
8,[5,2]
9,[5,3]
10,[5,4]
11,[5,5]
12,[5,6]
13,[5,7]
14,[5,6]
15,[5,5]
16,[5,4]
17,[5,3]
18,[5,2]
19,[6,2]
20,[5,2]
21,[5,3]
22,[5,4]
23,[5,5]
24,[5,6]
25,[5,7]
26,[5,6]
27,[5,5]
28,[5,4]
29,[5,3]
30,[5,2]
31,[6,2]
32,[6,3]
33,[6,4]
34,[6,5]
35,[6,6]
36,[7,6]
37,[7,7]
38,[7,8]
39,[7,9]
40,[7,10]
41,[7,11]
42,[8,11]
43,[7,11]
44,[7,10]
45,[7,9]
46,[7,8]
47,[7,7]
48,[7,6]
49,[6,6]
50,[6,5]
51,[6,4]
52,[6,3]
53,[6,2]
54,[6,3]
55,[6,4]
56,[6,5]
57,[6,6]
58,[7,6]
59,[6,6]
60,[6,5]
61,[6,4]
62,[6,3]
63,[6,2]
64,[5,2]
65,[5,3]
66,[5,4]
67,[5,5]
68,[5,6]
69,[5,7]
