//Quantitative values
104	//Makespan
104	//Mission completion time hauler 1
13	//Application execution time (in millisecond)
//Path to the final points
0,[8,3]
1,[8,4]
2,[8,5]
3,[8,6]
4,[8,7]
5,[8,8]
6,[8,9]
7,[8,10]
8,[9,10]
9,[10,10]
10,[11,10]
11,[10,10]
12,[9,10]
13,[8,10]
14,[8,9]
15,[8,8]
16,[8,9]
17,[8,10]
18,[9,10]
19,[10,10]
20,[11,10]
21,[10,10]
22,[9,10]
23,[8,10]
24,[8,9]
25,[8,8]
26,[8,9]
27,[8,10]
28,[9,10]
29,[10,10]
30,[11,10]
31,[10,10]
32,[9,10]
33,[8,10]
34,[8,9]
35,[8,8]
36,[7,8]
37,[6,8]
38,[5,8]
39,[4,8]
40,[3,8]
41,[2,8]
42,[1,8]
43,[1,7]
44,[1,6]
45,[1,5]
46,[1,4]
47,[1,3]
48,[1,2]
49,[1,1]
50,[1,2]
51,[1,3]
52,[1,4]
53,[1,5]
54,[1,6]
55,[1,7]
56,[1,8]
57,[2,8]
58,[3,8]
59,[4,8]
60,[5,8]
61,[6,8]
62,[7,8]
63,[8,8]
64,[7,8]
65,[6,8]
66,[5,8]
67,[4,8]
68,[3,8]
69,[2,8]
70,[1,8]
71,[1,7]
72,[1,6]
73,[1,5]
74,[1,4]
75,[1,3]
76,[1,2]
77,[1,1]
78,[1,2]
79,[1,3]
80,[1,4]
81,[1,5]
82,[1,6]
83,[1,7]
84,[1,8]
85,[1,9]
86,[2,9]
87,[3,9]
88,[4,9]
89,[4,10]
90,[5,10]
91,[6,10]
92,[7,10]
93,[8,10]
94,[9,10]
95,[10,10]
96,[11,10]
97,[10,10]
98,[9,10]
99,[8,10]
100,[7,10]
101,[6,10]
102,[5,10]
103,[4,10]
104,[4,9]
