//Quantitative values
143	//Makespan
143	//Mission completion time hauler 1
19	//Application execution time (in millisecond)
//Path to the final points
0,[9,8]
1,[8,8]
2,[7,8]
3,[6,8]
4,[5,8]
5,[4,8]
6,[3,8]
7,[3,7]
8,[3,6]
9,[3,5]
10,[3,4]
11,[3,3]
12,[3,2]
13,[3,1]
14,[3,2]
15,[3,3]
16,[3,4]
17,[3,5]
18,[3,6]
19,[3,7]
20,[4,7]
21,[3,7]
22,[3,8]
23,[3,9]
24,[3,10]
25,[3,11]
26,[3,10]
27,[3,9]
28,[4,9]
29,[5,9]
30,[6,9]
31,[7,9]
32,[8,9]
33,[9,9]
34,[8,9]
35,[7,9]
36,[6,9]
37,[5,9]
38,[4,9]
39,[3,9]
40,[3,8]
41,[3,7]
42,[3,6]
43,[3,5]
44,[3,4]
45,[3,3]
46,[3,2]
47,[3,1]
48,[3,2]
49,[3,3]
50,[3,4]
51,[3,5]
52,[3,6]
53,[3,7]
54,[4,7]
55,[3,7]
56,[3,6]
57,[3,5]
58,[3,4]
59,[3,3]
60,[3,2]
61,[3,1]
62,[3,2]
63,[3,3]
64,[3,4]
65,[3,5]
66,[3,6]
67,[3,7]
68,[4,7]
69,[3,7]
70,[3,6]
71,[3,5]
72,[3,4]
73,[3,3]
74,[3,2]
75,[3,1]
76,[3,2]
77,[3,3]
78,[3,4]
79,[3,5]
80,[3,6]
81,[3,7]
82,[3,8]
83,[3,9]
84,[4,9]
85,[5,9]
86,[6,9]
87,[7,9]
88,[8,9]
89,[9,9]
90,[8,9]
91,[7,9]
92,[6,9]
93,[5,9]
94,[4,9]
95,[3,9]
96,[3,8]
97,[3,7]
98,[3,6]
99,[3,5]
100,[3,4]
101,[3,3]
102,[3,2]
103,[3,1]
104,[3,2]
105,[3,3]
106,[3,4]
107,[3,5]
108,[3,6]
109,[3,7]
110,[4,7]
111,[3,7]
112,[3,8]
113,[3,9]
114,[3,10]
115,[3,11]
116,[3,10]
117,[3,9]
118,[3,8]
119,[3,7]
120,[4,7]
121,[3,7]
122,[3,8]
123,[3,9]
124,[3,10]
125,[3,11]
126,[3,10]
127,[3,9]
128,[3,8]
129,[3,7]
130,[4,7]
131,[3,7]
132,[3,8]
133,[3,9]
134,[3,10]
135,[3,11]
136,[3,10]
137,[3,9]
138,[4,9]
139,[5,9]
140,[6,9]
141,[7,9]
142,[8,9]
143,[9,9]
