//Quantitative values
145	//Makespan
145	//Mission completion time hauler 1
49	//Application execution time (in millisecond)
//Path to the final points
0,[6,2]
1,[5,2]
2,[4,2]
3,[4,3]
4,[4,4]
5,[4,5]
6,[3,5]
7,[3,6]
8,[3,7]
9,[3,8]
10,[3,9]
11,[2,9]
12,[2,10]
13,[2,11]
14,[2,12]
15,[3,12]
16,[4,12]
17,[5,12]
18,[6,12]
19,[7,12]
20,[7,11]
21,[8,11]
22,[9,11]
23,[10,11]
24,[11,11]
25,[12,11]
26,[11,11]
27,[10,11]
28,[9,11]
29,[8,11]
30,[7,11]
31,[7,12]
32,[7,11]
33,[8,11]
34,[9,11]
35,[10,11]
36,[11,11]
37,[12,11]
38,[11,11]
39,[10,11]
40,[9,11]
41,[8,11]
42,[7,11]
43,[6,11]
44,[5,11]
45,[4,11]
46,[4,10]
47,[4,9]
48,[4,8]
49,[4,7]
50,[4,6]
51,[4,5]
52,[4,4]
53,[4,3]
54,[4,2]
55,[4,3]
56,[4,4]
57,[4,5]
58,[4,6]
59,[4,7]
60,[4,8]
61,[4,9]
62,[4,10]
63,[4,11]
64,[5,11]
65,[6,11]
66,[7,11]
67,[8,11]
68,[9,11]
69,[10,11]
70,[11,11]
71,[12,11]
72,[11,11]
73,[10,11]
74,[9,11]
75,[8,11]
76,[7,11]
77,[7,12]
78,[7,11]
79,[8,11]
80,[9,11]
81,[10,11]
82,[11,11]
83,[12,11]
84,[11,11]
85,[10,11]
86,[9,11]
87,[8,11]
88,[7,11]
89,[7,12]
90,[6,12]
91,[5,12]
92,[4,12]
93,[3,12]
94,[2,12]
95,[2,11]
96,[2,10]
97,[2,9]
98,[2,10]
99,[2,11]
100,[2,12]
101,[3,12]
102,[4,12]
103,[5,12]
104,[6,12]
105,[7,12]
106,[7,11]
107,[8,11]
108,[9,11]
109,[10,11]
110,[11,11]
111,[12,11]
112,[11,11]
113,[10,11]
114,[9,11]
115,[8,11]
116,[7,11]
117,[7,12]
118,[7,11]
119,[8,11]
120,[9,11]
121,[10,11]
122,[11,11]
123,[12,11]
124,[11,11]
125,[10,11]
126,[9,11]
127,[8,11]
128,[7,11]
129,[7,12]
130,[6,12]
131,[5,12]
132,[4,12]
133,[3,12]
134,[2,12]
135,[2,11]
136,[2,10]
137,[2,9]
138,[2,10]
139,[2,11]
140,[2,12]
141,[3,12]
142,[4,12]
143,[5,12]
144,[6,12]
145,[7,12]
