//Quantitative values
89	//Makespan
89	//Mission completion time hauler 1
35	//Application execution time (in millisecond)
//Path to the final points
0,[4,8]
1,[3,8]
2,[2,8]
3,[2,7]
4,[2,6]
5,[2,5]
6,[2,4]
7,[2,3]
8,[2,2]
9,[2,1]
10,[3,1]
11,[4,1]
12,[5,1]
13,[6,1]
14,[7,1]
15,[8,1]
16,[7,1]
17,[6,1]
18,[5,1]
19,[5,2]
20,[5,3]
21,[5,4]
22,[5,5]
23,[5,6]
24,[5,7]
25,[5,8]
26,[4,8]
27,[4,9]
28,[4,10]
29,[4,11]
30,[4,12]
31,[4,11]
32,[4,10]
33,[4,9]
34,[4,8]
35,[5,8]
36,[5,7]
37,[6,7]
38,[7,7]
39,[8,7]
40,[9,7]
41,[8,7]
42,[7,7]
43,[6,7]
44,[5,7]
45,[5,6]
46,[4,6]
47,[3,6]
48,[2,6]
49,[2,7]
50,[2,6]
51,[2,5]
52,[3,5]
53,[4,5]
54,[5,5]
55,[5,6]
56,[5,7]
57,[6,7]
58,[7,7]
59,[8,7]
60,[9,7]
61,[8,7]
62,[7,7]
63,[6,7]
64,[5,7]
65,[5,6]
66,[5,5]
67,[5,6]
68,[5,7]
69,[5,8]
70,[4,8]
71,[4,9]
72,[4,10]
73,[4,11]
74,[4,12]
75,[4,11]
76,[4,10]
77,[4,9]
78,[4,8]
79,[5,8]
80,[5,7]
81,[5,6]
82,[5,5]
83,[5,6]
84,[5,7]
85,[6,7]
86,[7,7]
87,[8,7]
88,[9,7]
89,[8,7]
