//Quantitative values
110	//Makespan
110	//Mission completion time hauler 1
34	//Application execution time (in millisecond)
//Path to the final points
0,[7,3]
1,[6,3]
2,[5,3]
3,[4,3]
4,[4,4]
5,[3,4]
6,[2,4]
7,[1,4]
8,[1,5]
9,[1,6]
10,[1,7]
11,[1,6]
12,[1,5]
13,[1,4]
14,[2,4]
15,[3,4]
16,[4,4]
17,[4,5]
18,[4,6]
19,[4,7]
20,[4,8]
21,[4,9]
22,[4,10]
23,[4,11]
24,[5,11]
25,[5,10]
26,[5,9]
27,[5,8]
28,[5,7]
29,[5,6]
30,[5,5]
31,[6,5]
32,[7,5]
33,[8,5]
34,[9,5]
35,[9,4]
36,[10,4]
37,[11,4]
38,[12,4]
39,[11,4]
40,[10,4]
41,[9,4]
42,[9,5]
43,[8,5]
44,[7,5]
45,[6,5]
46,[5,5]
47,[4,5]
48,[3,5]
49,[2,5]
50,[1,5]
51,[1,6]
52,[1,7]
53,[2,7]
54,[2,8]
55,[2,9]
56,[2,10]
57,[2,11]
58,[3,11]
59,[3,12]
60,[4,12]
61,[5,12]
62,[4,12]
63,[3,12]
64,[3,11]
65,[2,11]
66,[2,10]
67,[2,9]
68,[2,8]
69,[2,7]
70,[1,7]
71,[2,7]
72,[2,8]
73,[2,9]
74,[2,10]
75,[2,11]
76,[3,11]
77,[3,12]
78,[4,12]
79,[5,12]
80,[4,12]
81,[3,12]
82,[3,11]
83,[2,11]
84,[2,10]
85,[2,9]
86,[2,8]
87,[2,7]
88,[1,7]
89,[1,6]
90,[1,5]
91,[1,4]
92,[2,4]
93,[3,4]
94,[4,4]
95,[3,4]
96,[2,4]
97,[2,5]
98,[2,6]
99,[2,7]
100,[2,8]
101,[2,7]
102,[2,6]
103,[2,5]
104,[2,4]
105,[3,4]
106,[4,4]
107,[3,4]
108,[2,4]
109,[1,4]
110,[1,5]
