//Quantitative values
145	//Makespan
145	//Mission completion time hauler 1
39	//Application execution time (in millisecond)
//Path to the final points
0,[5,3]
1,[5,2]
2,[5,1]
3,[6,1]
4,[7,1]
5,[8,1]
6,[9,1]
7,[10,1]
8,[11,1]
9,[12,1]
10,[11,1]
11,[10,1]
12,[9,1]
13,[9,2]
14,[9,3]
15,[9,4]
16,[9,5]
17,[8,5]
18,[7,5]
19,[6,5]
20,[6,6]
21,[5,6]
22,[4,6]
23,[3,6]
24,[2,6]
25,[2,7]
26,[2,8]
27,[2,9]
28,[3,9]
29,[3,10]
30,[4,10]
31,[5,10]
32,[6,10]
33,[7,10]
34,[7,9]
35,[7,8]
36,[7,7]
37,[7,6]
38,[7,5]
39,[7,4]
40,[7,3]
41,[8,3]
42,[8,2]
43,[8,1]
44,[9,1]
45,[10,1]
46,[11,1]
47,[12,1]
48,[11,1]
49,[10,1]
50,[9,1]
51,[8,1]
52,[8,2]
53,[8,3]
54,[7,3]
55,[7,4]
56,[7,5]
57,[7,6]
58,[7,7]
59,[7,8]
60,[7,9]
61,[7,10]
62,[7,9]
63,[7,8]
64,[7,7]
65,[7,6]
66,[7,5]
67,[7,4]
68,[7,3]
69,[8,3]
70,[8,2]
71,[8,1]
72,[9,1]
73,[10,1]
74,[11,1]
75,[12,1]
76,[11,1]
77,[10,1]
78,[9,1]
79,[8,1]
80,[8,2]
81,[8,3]
82,[7,3]
83,[7,4]
84,[7,5]
85,[7,6]
86,[7,7]
87,[7,8]
88,[7,9]
89,[7,10]
90,[6,10]
91,[5,10]
92,[4,10]
93,[3,10]
94,[3,9]
95,[2,9]
96,[3,9]
97,[3,10]
98,[4,10]
99,[5,10]
100,[6,10]
101,[7,10]
102,[7,9]
103,[7,8]
104,[7,7]
105,[7,6]
106,[7,5]
107,[7,4]
108,[7,3]
109,[8,3]
110,[8,2]
111,[8,1]
112,[9,1]
113,[10,1]
114,[11,1]
115,[12,1]
116,[11,1]
117,[10,1]
118,[9,1]
119,[8,1]
120,[8,2]
121,[8,3]
122,[7,3]
123,[7,4]
124,[7,5]
125,[7,6]
126,[7,5]
127,[7,4]
128,[7,3]
129,[8,3]
130,[8,2]
131,[8,1]
132,[9,1]
133,[10,1]
134,[9,1]
135,[8,1]
136,[8,2]
137,[8,3]
138,[7,3]
139,[7,4]
140,[7,5]
141,[7,6]
142,[7,7]
143,[7,8]
144,[7,9]
145,[7,10]
