//Quantitative values
80	//Makespan
80	//Mission completion time hauler 1
39	//Application execution time (in millisecond)
//Path to the final points
0,[4,7]
1,[4,8]
2,[4,9]
3,[4,10]
4,[4,11]
5,[5,11]
6,[6,11]
7,[7,11]
8,[6,11]
9,[5,11]
10,[4,11]
11,[3,11]
12,[3,10]
13,[3,9]
14,[3,8]
15,[2,8]
16,[1,8]
17,[2,8]
18,[3,8]
19,[3,9]
20,[4,9]
21,[5,9]
22,[5,10]
23,[4,10]
24,[3,10]
25,[3,9]
26,[3,8]
27,[3,7]
28,[3,8]
29,[3,9]
30,[3,10]
31,[4,10]
32,[5,10]
33,[5,11]
34,[6,11]
35,[7,11]
36,[6,11]
37,[5,11]
38,[4,11]
39,[3,11]
40,[3,10]
41,[3,9]
42,[3,8]
43,[2,8]
44,[1,8]
45,[2,8]
46,[3,8]
47,[3,9]
48,[4,9]
49,[5,9]
50,[5,8]
51,[5,7]
52,[5,6]
53,[5,5]
54,[5,4]
55,[5,3]
56,[5,2]
57,[5,3]
58,[5,4]
59,[5,5]
60,[5,6]
61,[5,7]
62,[5,8]
63,[5,9]
64,[5,10]
65,[5,9]
66,[6,9]
67,[7,9]
68,[8,9]
69,[9,9]
70,[8,9]
71,[7,9]
72,[6,9]
73,[5,9]
74,[5,8]
75,[5,7]
76,[5,6]
77,[5,5]
78,[5,4]
79,[5,3]
80,[5,2]
