//Quantitative values
110	//Makespan
110	//Mission completion time hauler 1
110	//Mission completion time hauler 2
104	//Mission completion time hauler 3
38	//Application execution time (in millisecond)
//Path to the final points
0,[1,11],[6,2],[12,9]
1,[1,10],[6,1],[11,9]
2,[1,9],[7,1],[10,9]
3,[1,8],[8,1],[9,9]
4,[2,8],[9,1],[8,9]
5,[2,7],[10,1],[7,9]
6,[2,6],[11,1],[6,9]
7,[2,5],[11,2],[5,9]
8,[2,4],[11,3],[4,9]
9,[2,3],[12,3],[3,9]
10,[2,2],[11,3],[2,9]
11,[2,1],[10,3],[2,8]
12,[3,1],[9,3],[2,7]
13,[4,1],[8,3],[2,6]
14,[5,1],[7,3],[2,5]
15,[6,1],[6,3],[1,5]
16,[7,1],[5,3],[1,4]
17,[8,1],[4,3],[1,5]
18,[9,1],[3,3],[2,5]
19,[10,1],[2,3],[2,6]
20,[11,1],[1,3],[2,7]
21,[11,2],[1,4],[2,8]
22,[11,3],[2,4],[2,7]
23,[12,3],[3,4],[2,6]
24,[11,3],[4,4],[2,5]
25,[10,3],[5,4],[2,4]
26,[9,3],[6,4],[2,3]
27,[8,3],[5,4],[2,2]
28,[7,3],[4,4],[2,1]
29,[6,3],[3,4],[3,1]
30,[5,3],[2,4],[4,1]
31,[4,3],[2,5],[5,1]
32,[3,3],[2,6],[6,1]
33,[2,3],[2,7],[7,1]
34,[1,3],[2,8],[8,1]
35,[1,4],[2,9],[9,1]
36,[1,5],[3,9],[10,1]
37,[2,5],[4,9],[11,1]
38,[2,6],[5,9],[11,2]
39,[2,7],[6,9],[11,3]
40,[2,8],[7,9],[12,3]
41,[2,7],[8,9],[11,3]
42,[2,6],[9,9],[10,3]
43,[2,5],[8,9],[9,3]
44,[2,4],[7,9],[8,3]
45,[3,4],[6,9],[7,3]
46,[4,4],[5,9],[6,3]
47,[5,4],[4,9],[5,3]
48,[6,4],[3,9],[4,3]
49,[6,3],[2,9],[3,3]
50,[6,2],[2,8],[2,3]
51,[6,1],[2,7],[2,4]
52,[7,1],[2,6],[3,4]
53,[8,1],[2,5],[4,4]
54,[9,1],[1,5],[5,4]
55,[10,1],[1,4],[6,4]
56,[9,1],[1,3],[6,5]
57,[8,1],[2,3],[7,5]
58,[7,1],[3,3],[7,6]
59,[6,1],[4,3],[7,5]
60,[5,1],[5,3],[7,4]
61,[4,1],[6,3],[7,3]
62,[3,1],[7,3],[8,3]
63,[2,1],[8,3],[9,3]
64,[2,2],[9,3],[10,3]
65,[2,3],[10,3],[11,3]
66,[2,4],[11,3],[12,3]
67,[2,5],[12,3],[11,3]
68,[2,6],[11,3],[10,3]
69,[2,7],[10,3],[9,3]
70,[2,8],[9,3],[8,3]
71,[2,7],[8,3],[7,3]
72,[2,6],[7,3],[7,4]
73,[2,5],[6,3],[7,5]
74,[2,4],[5,3],[7,6]
75,[2,3],[4,3],[7,5]
76,[3,3],[3,3],[6,5]
77,[4,3],[2,3],[6,4]
78,[5,3],[1,3],[6,3]
79,[6,3],[1,4],[6,2]
80,[7,3],[1,5],[6,1]
81,[8,3],[2,5],[7,1]
82,[9,3],[2,6],[8,1]
83,[10,3],[2,7],[9,1]
84,[11,3],[2,8],[10,1]
85,[12,3],[2,7],[11,1]
86,[11,3],[2,6],[11,2]
87,[10,3],[2,5],[11,3]
88,[9,3],[1,5],[12,3]
89,[8,3],[1,4],[11,3]
90,[7,3],[1,5],[10,3]
91,[7,4],[2,5],[9,3]
92,[7,5],[2,6],[8,3]
93,[7,6],[2,7],[7,3]
94,[7,7],[2,8],[7,4]
95,[7,8],[2,9],[7,5]
96,[7,9],[3,9],[7,6]
97,[8,9],[4,9],[7,5]
98,[9,9],[5,9],[7,4]
99,[8,9],[6,9],[7,3]
100,[7,9],[7,9],[8,3]
101,[6,9],[8,9],[9,3]
102,[5,9],[9,9],[10,3]
103,[4,9],[8,9],[11,3]
104,[3,9],[7,9],[12,3]
105,[2,9],[7,8],[12,3]
106,[2,8],[7,7],[12,3]
107,[2,7],[7,6],[12,3]
108,[2,6],[7,5],[12,3]
109,[2,5],[6,5],[12,3]
110,[2,4],[6,4],[12,3]
