//Quantitative values
73	//Makespan
73	//Mission completion time hauler 1
36	//Application execution time (in millisecond)
//Path to the final points
0,[4,8]
1,[5,8]
2,[5,7]
3,[6,7]
4,[7,7]
5,[8,7]
6,[9,7]
7,[9,6]
8,[9,5]
9,[8,5]
10,[8,4]
11,[8,3]
12,[8,2]
13,[8,1]
14,[7,1]
15,[7,2]
16,[7,3]
17,[7,4]
18,[7,5]
19,[7,6]
20,[7,7]
21,[8,7]
22,[7,7]
23,[6,7]
24,[5,7]
25,[5,6]
26,[4,6]
27,[3,6]
28,[2,6]
29,[2,7]
30,[2,6]
31,[3,6]
32,[4,6]
33,[5,6]
34,[5,7]
35,[6,7]
36,[7,7]
37,[8,7]
38,[7,7]
39,[6,7]
40,[5,7]
41,[5,8]
42,[4,8]
43,[4,9]
44,[4,10]
45,[4,11]
46,[4,12]
47,[4,11]
48,[4,10]
49,[4,9]
50,[4,8]
51,[5,8]
52,[5,7]
53,[6,7]
54,[7,7]
55,[8,7]
56,[7,7]
57,[6,7]
58,[5,7]
59,[5,6]
60,[4,6]
61,[3,6]
62,[2,6]
63,[2,7]
64,[2,6]
65,[3,6]
66,[4,6]
67,[5,6]
68,[5,7]
69,[6,7]
70,[7,7]
71,[8,7]
72,[7,7]
73,[8,7]
