//Quantitative values
109	//Makespan
109	//Mission completion time hauler 1
37	//Application execution time (in millisecond)
//Path to the final points
0,[5,3]
1,[4,3]
2,[4,4]
3,[4,5]
4,[4,6]
5,[4,7]
6,[4,8]
7,[4,9]
8,[4,10]
9,[4,11]
10,[4,12]
11,[5,12]
12,[5,11]
13,[5,10]
14,[6,10]
15,[7,10]
16,[7,9]
17,[7,8]
18,[7,7]
19,[7,6]
20,[7,5]
21,[7,4]
22,[7,3]
23,[8,3]
24,[8,2]
25,[8,1]
26,[9,1]
27,[10,1]
28,[9,1]
29,[9,2]
30,[9,3]
31,[9,4]
32,[9,5]
33,[9,4]
34,[9,3]
35,[9,2]
36,[9,1]
37,[10,1]
38,[11,1]
39,[12,1]
40,[11,1]
41,[10,1]
42,[9,1]
43,[9,2]
44,[9,3]
45,[9,4]
46,[9,5]
47,[8,5]
48,[7,5]
49,[6,5]
50,[6,6]
51,[5,6]
52,[4,6]
53,[3,6]
54,[2,6]
55,[2,7]
56,[2,8]
57,[2,9]
58,[2,8]
59,[2,7]
60,[2,6]
61,[3,6]
62,[4,6]
63,[5,6]
64,[6,6]
65,[6,5]
66,[7,5]
67,[8,5]
68,[9,5]
69,[8,5]
70,[7,5]
71,[6,5]
72,[6,6]
73,[5,6]
74,[5,7]
75,[5,8]
76,[5,9]
77,[5,10]
78,[5,11]
79,[5,12]
80,[6,12]
81,[7,12]
82,[8,12]
83,[9,12]
84,[10,12]
85,[11,12]
86,[11,11]
87,[11,10]
88,[11,9]
89,[11,8]
90,[11,7]
91,[11,6]
92,[11,5]
93,[11,4]
94,[11,3]
95,[11,2]
96,[11,1]
97,[12,1]
98,[11,1]
99,[11,2]
100,[11,3]
101,[11,4]
102,[11,5]
103,[11,6]
104,[11,7]
105,[11,8]
106,[11,9]
107,[11,10]
108,[11,11]
109,[11,12]
