//Quantitative values
67	//Makespan
67	//Mission completion time hauler 1
13	//Application execution time (in millisecond)
//Path to the final points
0,[4,7]
1,[3,7]
2,[2,7]
3,[1,7]
4,[1,8]
5,[1,7]
6,[2,7]
7,[3,7]
8,[3,8]
9,[3,9]
10,[3,10]
11,[4,10]
12,[5,10]
13,[4,10]
14,[3,10]
15,[3,9]
16,[3,8]
17,[3,7]
18,[3,6]
19,[3,5]
20,[3,4]
21,[3,3]
22,[3,2]
23,[4,2]
24,[5,2]
25,[4,2]
26,[3,2]
27,[3,3]
28,[3,4]
29,[3,5]
30,[3,6]
31,[3,7]
32,[3,8]
33,[3,9]
34,[3,10]
35,[4,10]
36,[5,10]
37,[5,9]
38,[6,9]
39,[7,9]
40,[8,9]
41,[9,9]
42,[8,9]
43,[7,9]
44,[7,8]
45,[7,7]
46,[7,6]
47,[7,5]
48,[7,4]
49,[7,3]
50,[7,2]
51,[7,1]
52,[6,1]
53,[5,1]
54,[4,1]
55,[3,1]
56,[3,2]
57,[3,3]
58,[3,4]
59,[3,5]
60,[3,6]
61,[3,7]
62,[3,8]
63,[3,9]
64,[3,10]
65,[4,10]
66,[5,10]
67,[5,9]
