//Quantitative values
83	//Makespan
83	//Mission completion time hauler 1
16	//Application execution time (in millisecond)
//Path to the final points
0,[1,11]
1,[1,10]
2,[1,9]
3,[1,8]
4,[2,8]
5,[2,7]
6,[2,6]
7,[2,5]
8,[2,4]
9,[2,3]
10,[3,3]
11,[4,3]
12,[5,3]
13,[6,3]
14,[7,3]
15,[8,3]
16,[9,3]
17,[10,3]
18,[11,3]
19,[12,3]
20,[11,3]
21,[10,3]
22,[10,2]
23,[10,1]
24,[9,1]
25,[8,1]
26,[7,1]
27,[6,1]
28,[6,2]
29,[6,3]
30,[6,4]
31,[5,4]
32,[4,4]
33,[3,4]
34,[2,4]
35,[1,4]
36,[1,3]
37,[2,3]
38,[3,3]
39,[4,3]
40,[5,3]
41,[6,3]
42,[7,3]
43,[8,3]
44,[9,3]
45,[10,3]
46,[11,3]
47,[12,3]
48,[11,3]
49,[10,3]
50,[9,3]
51,[8,3]
52,[7,3]
53,[7,4]
54,[7,5]
55,[7,6]
56,[7,5]
57,[7,4]
58,[7,3]
59,[8,3]
60,[9,3]
61,[10,3]
62,[11,3]
63,[12,3]
64,[11,3]
65,[10,3]
66,[10,2]
67,[10,1]
68,[10,2]
69,[10,3]
70,[11,3]
71,[12,3]
72,[11,3]
73,[10,3]
74,[9,3]
75,[8,3]
76,[7,3]
77,[6,3]
78,[5,3]
79,[4,3]
80,[3,3]
81,[2,3]
82,[1,3]
83,[1,4]
