//Quantitative values
71	//Makespan
71	//Mission completion time hauler 1
7	//Application execution time (in millisecond)
//Path to the final points
0,[3,9]
1,[3,8]
2,[3,7]
3,[3,6]
4,[3,5]
5,[3,4]
6,[3,3]
7,[4,3]
8,[5,3]
9,[6,3]
10,[7,3]
11,[6,3]
12,[5,3]
13,[4,3]
14,[3,3]
15,[3,4]
16,[3,5]
17,[3,6]
18,[3,7]
19,[3,8]
20,[3,9]
21,[3,10]
22,[2,10]
23,[2,9]
24,[2,8]
25,[2,9]
26,[2,10]
27,[3,10]
28,[4,10]
29,[4,9]
30,[4,8]
31,[4,7]
32,[4,6]
33,[4,5]
34,[4,4]
35,[4,3]
36,[5,3]
37,[6,3]
38,[7,3]
39,[6,3]
40,[5,3]
41,[4,3]
42,[4,4]
43,[4,5]
44,[4,6]
45,[4,7]
46,[4,8]
47,[4,9]
48,[4,10]
49,[4,9]
50,[4,8]
51,[4,7]
52,[4,6]
53,[4,5]
54,[4,4]
55,[4,3]
56,[5,3]
57,[6,3]
58,[7,3]
59,[7,2]
60,[7,1]
61,[8,1]
62,[7,1]
63,[7,2]
64,[7,3]
65,[6,3]
66,[5,3]
67,[4,3]
68,[3,3]
69,[3,4]
70,[3,5]
71,[3,6]
