//Quantitative values
102	//Makespan
102	//Mission completion time hauler 1
10	//Application execution time (in millisecond)
//Path to the final points
0,[10,2]
1,[9,2]
2,[8,2]
3,[8,3]
4,[7,3]
5,[6,3]
6,[5,3]
7,[4,3]
8,[3,3]
9,[3,4]
10,[3,5]
11,[3,6]
12,[3,7]
13,[3,8]
14,[3,9]
15,[3,10]
16,[3,11]
17,[3,12]
18,[3,11]
19,[3,10]
20,[3,9]
21,[3,8]
22,[3,7]
23,[3,6]
24,[3,5]
25,[4,5]
26,[5,5]
27,[6,5]
28,[7,5]
29,[8,5]
30,[9,5]
31,[10,5]
32,[11,5]
33,[10,5]
34,[9,5]
35,[8,5]
36,[7,5]
37,[6,5]
38,[5,5]
39,[4,5]
40,[3,5]
41,[2,5]
42,[2,4]
43,[2,5]
44,[3,5]
45,[4,5]
46,[5,5]
47,[6,5]
48,[7,5]
49,[8,5]
50,[9,5]
51,[10,5]
52,[11,5]
53,[10,5]
54,[9,5]
55,[8,5]
56,[7,5]
57,[6,5]
58,[5,5]
59,[4,5]
60,[3,5]
61,[3,6]
62,[3,7]
63,[3,8]
64,[3,9]
65,[3,10]
66,[3,11]
67,[3,12]
68,[3,11]
69,[3,10]
70,[3,9]
71,[3,8]
72,[3,7]
73,[3,6]
74,[3,5]
75,[4,5]
76,[5,5]
77,[6,5]
78,[7,5]
79,[8,5]
80,[9,5]
81,[10,5]
82,[11,5]
83,[10,5]
84,[9,5]
85,[8,5]
86,[7,5]
87,[6,5]
88,[5,5]
89,[5,4]
90,[5,3]
91,[5,2]
92,[5,1]
93,[5,2]
94,[5,3]
95,[5,4]
96,[5,5]
97,[6,5]
98,[7,5]
99,[8,5]
100,[9,5]
101,[10,5]
102,[11,5]
