//Quantitative values
78	//Makespan
78	//Mission completion time hauler 1
17	//Application execution time (in millisecond)
//Path to the final points
0,[3,9]
1,[3,8]
2,[3,7]
3,[3,6]
4,[3,5]
5,[3,4]
6,[3,3]
7,[3,2]
8,[3,1]
9,[4,1]
10,[5,1]
11,[6,1]
12,[7,1]
13,[8,1]
14,[7,1]
15,[6,1]
16,[6,2]
17,[6,3]
18,[6,2]
19,[6,1]
20,[7,1]
21,[8,1]
22,[7,1]
23,[7,2]
24,[7,3]
25,[6,3]
26,[5,3]
27,[4,3]
28,[3,3]
29,[3,4]
30,[3,5]
31,[3,6]
32,[3,5]
33,[3,4]
34,[3,3]
35,[4,3]
36,[5,3]
37,[6,3]
38,[5,3]
39,[4,3]
40,[4,4]
41,[4,5]
42,[4,6]
43,[4,7]
44,[4,8]
45,[4,9]
46,[4,10]
47,[4,9]
48,[4,8]
49,[4,7]
50,[4,6]
51,[4,5]
52,[4,4]
53,[4,3]
54,[5,3]
55,[6,3]
56,[6,2]
57,[6,1]
58,[7,1]
59,[8,1]
60,[7,1]
61,[7,2]
62,[7,3]
63,[7,2]
64,[7,1]
65,[8,1]
66,[7,1]
67,[6,1]
68,[5,1]
69,[4,1]
70,[3,1]
71,[2,1]
72,[2,2]
73,[2,3]
74,[2,4]
75,[2,5]
76,[2,6]
77,[2,7]
78,[2,8]
