//Quantitative values
146	//Makespan
146	//Mission completion time hauler 1
16	//Application execution time (in millisecond)
//Path to the final points
0,[10,2]
1,[9,2]
2,[8,2]
3,[8,3]
4,[8,4]
5,[8,5]
6,[8,6]
7,[8,7]
8,[8,8]
9,[8,9]
10,[8,10]
11,[8,11]
12,[8,12]
13,[9,12]
14,[10,12]
15,[11,12]
16,[12,12]
17,[11,12]
18,[10,12]
19,[9,12]
20,[8,12]
21,[8,11]
22,[8,10]
23,[8,9]
24,[8,8]
25,[8,7]
26,[8,6]
27,[8,5]
28,[8,4]
29,[8,3]
30,[8,4]
31,[8,5]
32,[8,6]
33,[8,7]
34,[8,8]
35,[8,9]
36,[8,10]
37,[8,11]
38,[8,12]
39,[9,12]
40,[10,12]
41,[11,12]
42,[12,12]
43,[11,12]
44,[10,12]
45,[9,12]
46,[8,12]
47,[7,12]
48,[6,12]
49,[5,12]
50,[4,12]
51,[3,12]
52,[2,12]
53,[2,11]
54,[2,10]
55,[2,9]
56,[2,8]
57,[2,7]
58,[2,6]
59,[2,5]
60,[2,4]
61,[2,5]
62,[3,5]
63,[4,5]
64,[5,5]
65,[6,5]
66,[7,5]
67,[8,5]
68,[9,5]
69,[10,5]
70,[11,5]
71,[10,5]
72,[9,5]
73,[8,5]
74,[7,5]
75,[6,5]
76,[5,5]
77,[5,4]
78,[5,3]
79,[5,2]
80,[5,1]
81,[5,2]
82,[5,3]
83,[5,4]
84,[5,5]
85,[5,6]
86,[5,7]
87,[5,8]
88,[5,9]
89,[5,10]
90,[5,11]
91,[5,12]
92,[6,12]
93,[7,12]
94,[8,12]
95,[9,12]
96,[10,12]
97,[11,12]
98,[12,12]
99,[11,12]
100,[10,12]
101,[9,12]
102,[8,12]
103,[7,12]
104,[6,12]
105,[5,12]
106,[5,11]
107,[5,10]
108,[5,9]
109,[5,8]
110,[5,7]
111,[5,6]
112,[5,5]
113,[5,4]
114,[5,3]
115,[5,2]
116,[5,1]
117,[5,2]
118,[5,3]
119,[5,4]
120,[5,5]
121,[6,5]
122,[7,5]
123,[8,5]
124,[9,5]
125,[10,5]
126,[11,5]
127,[10,5]
128,[9,5]
129,[8,5]
130,[7,5]
131,[6,5]
132,[5,5]
133,[5,4]
134,[5,3]
135,[5,2]
136,[5,1]
137,[5,2]
138,[5,3]
139,[5,4]
140,[5,5]
141,[6,5]
142,[7,5]
143,[8,5]
144,[9,5]
145,[10,5]
146,[11,5]
