//Quantitative values
171	//Makespan
171	//Mission completion time hauler 1
38	//Application execution time (in millisecond)
//Path to the final points
0,[10,2]
1,[9,2]
2,[8,2]
3,[7,2]
4,[6,2]
5,[5,2]
6,[4,2]
7,[3,2]
8,[2,2]
9,[2,3]
10,[2,4]
11,[2,5]
12,[3,5]
13,[4,5]
14,[5,5]
15,[6,5]
16,[7,5]
17,[8,5]
18,[9,5]
19,[10,5]
20,[11,5]
21,[10,5]
22,[9,5]
23,[8,5]
24,[8,4]
25,[8,3]
26,[8,4]
27,[8,5]
28,[8,6]
29,[8,7]
30,[8,8]
31,[8,9]
32,[8,10]
33,[8,11]
34,[8,12]
35,[9,12]
36,[10,12]
37,[11,12]
38,[12,12]
39,[11,12]
40,[10,12]
41,[9,12]
42,[8,12]
43,[7,12]
44,[6,12]
45,[5,12]
46,[4,12]
47,[3,12]
48,[3,11]
49,[3,10]
50,[3,9]
51,[3,8]
52,[3,7]
53,[3,6]
54,[3,5]
55,[4,5]
56,[5,5]
57,[6,5]
58,[7,5]
59,[8,5]
60,[9,5]
61,[10,5]
62,[11,5]
63,[10,5]
64,[9,5]
65,[8,5]
66,[7,5]
67,[6,5]
68,[5,5]
69,[4,5]
70,[3,5]
71,[2,5]
72,[2,4]
73,[2,5]
74,[2,6]
75,[2,7]
76,[2,8]
77,[2,9]
78,[2,10]
79,[2,11]
80,[2,12]
81,[3,12]
82,[4,12]
83,[5,12]
84,[6,12]
85,[7,12]
86,[8,12]
87,[9,12]
88,[10,12]
89,[11,12]
90,[12,12]
91,[11,12]
92,[10,12]
93,[9,12]
94,[8,12]
95,[7,12]
96,[6,12]
97,[5,12]
98,[4,12]
99,[3,12]
100,[2,12]
101,[2,11]
102,[2,10]
103,[2,9]
104,[2,8]
105,[2,7]
106,[2,6]
107,[2,5]
108,[2,4]
109,[2,5]
110,[3,5]
111,[4,5]
112,[5,5]
113,[6,5]
114,[7,5]
115,[8,5]
116,[9,5]
117,[10,5]
118,[11,5]
119,[10,5]
120,[9,5]
121,[8,5]
122,[7,5]
123,[6,5]
124,[5,5]
125,[5,4]
126,[5,3]
127,[5,2]
128,[5,1]
129,[5,2]
130,[5,3]
131,[5,4]
132,[5,5]
133,[5,6]
134,[5,7]
135,[5,8]
136,[5,9]
137,[5,10]
138,[5,11]
139,[5,12]
140,[6,12]
141,[7,12]
142,[8,12]
143,[9,12]
144,[10,12]
145,[11,12]
146,[12,12]
147,[11,12]
148,[10,12]
149,[9,12]
150,[8,12]
151,[7,12]
152,[6,12]
153,[5,12]
154,[4,12]
155,[3,12]
156,[2,12]
157,[2,11]
158,[2,10]
159,[2,9]
160,[2,8]
161,[2,7]
162,[2,6]
163,[2,5]
164,[2,4]
165,[2,5]
166,[2,6]
167,[2,7]
168,[2,8]
169,[2,9]
170,[2,10]
171,[3,10]
