//Quantitative values
79	//Makespan
79	//Mission completion time hauler 1
7	//Application execution time (in millisecond)
//Path to the final points
0,[8,3]
1,[8,4]
2,[7,4]
3,[7,5]
4,[7,6]
5,[7,7]
6,[7,8]
7,[7,9]
8,[7,10]
9,[7,9]
10,[7,8]
11,[7,7]
12,[7,6]
13,[7,5]
14,[7,4]
15,[8,4]
16,[8,3]
17,[8,2]
18,[9,2]
19,[10,2]
20,[11,2]
21,[12,2]
22,[12,3]
23,[12,4]
24,[11,4]
25,[11,5]
26,[11,6]
27,[11,7]
28,[11,6]
29,[11,5]
30,[11,4]
31,[12,4]
32,[12,3]
33,[12,2]
34,[11,2]
35,[10,2]
36,[9,2]
37,[8,2]
38,[8,3]
39,[8,4]
40,[7,4]
41,[7,5]
42,[7,6]
43,[7,7]
44,[7,8]
45,[7,9]
46,[7,10]
47,[8,10]
48,[9,10]
49,[9,11]
50,[9,12]
51,[8,12]
52,[7,12]
53,[6,12]
54,[5,12]
55,[4,12]
56,[3,12]
57,[2,12]
58,[1,12]
59,[1,11]
60,[1,10]
61,[1,11]
62,[1,12]
63,[2,12]
64,[3,12]
65,[4,12]
66,[5,12]
67,[6,12]
68,[7,12]
69,[8,12]
70,[9,12]
71,[9,11]
72,[9,10]
73,[10,10]
74,[11,10]
75,[12,10]
76,[12,9]
77,[12,8]
78,[12,7]
79,[11,7]
