//Quantitative values
54	//Makespan
54	//Mission completion time hauler 1
8	//Application execution time (in millisecond)
//Path to the final points
0,[3,3]
1,[2,3]
2,[1,3]
3,[1,4]
4,[1,5]
5,[1,6]
6,[1,7]
7,[1,8]
8,[1,9]
9,[1,10]
10,[1,11]
11,[1,10]
12,[1,9]
13,[1,8]
14,[1,7]
15,[2,7]
16,[3,7]
17,[4,7]
18,[5,7]
19,[6,7]
20,[7,7]
21,[7,6]
22,[7,5]
23,[7,6]
24,[7,7]
25,[7,8]
26,[7,9]
27,[6,9]
28,[5,9]
29,[4,9]
30,[3,9]
31,[2,9]
32,[2,8]
33,[2,7]
34,[2,6]
35,[2,5]
36,[2,4]
37,[2,5]
38,[2,6]
39,[2,7]
40,[2,8]
41,[2,9]
42,[3,9]
43,[2,9]
44,[1,9]
45,[1,10]
46,[1,11]
47,[1,10]
48,[1,9]
49,[2,9]
50,[3,9]
51,[4,9]
52,[5,9]
53,[6,9]
54,[7,9]
