//Quantitative values
46	//Makespan
46	//Mission completion time hauler 1
13	//Application execution time (in millisecond)
//Path to the final points
0,[7,5]
1,[6,5]
2,[5,5]
3,[5,6]
4,[5,7]
5,[5,8]
6,[5,9]
7,[4,9]
8,[4,8]
9,[4,7]
10,[4,6]
11,[4,5]
12,[4,4]
13,[5,4]
14,[4,4]
15,[3,4]
16,[2,4]
17,[1,4]
18,[1,5]
19,[1,6]
20,[1,7]
21,[1,8]
22,[1,9]
23,[2,9]
24,[3,9]
25,[4,9]
26,[5,9]
27,[5,10]
28,[6,10]
29,[7,10]
30,[8,10]
31,[9,10]
32,[10,10]
33,[11,10]
34,[10,10]
35,[9,10]
36,[8,10]
37,[7,10]
38,[6,10]
39,[5,10]
40,[5,9]
41,[6,9]
42,[7,9]
43,[8,9]
44,[9,9]
45,[10,9]
46,[11,9]
