//Quantitative values
66	//Makespan
66	//Mission completion time hauler 1
8	//Application execution time (in millisecond)
//Path to the final points
0,[2,8]
1,[2,7]
2,[3,7]
3,[4,7]
4,[5,7]
5,[5,6]
6,[5,5]
7,[5,4]
8,[5,3]
9,[5,2]
10,[5,1]
11,[6,1]
12,[6,2]
13,[7,2]
14,[8,2]
15,[9,2]
16,[8,2]
17,[7,2]
18,[6,2]
19,[6,1]
20,[6,2]
21,[6,3]
22,[6,4]
23,[7,4]
24,[7,5]
25,[7,6]
26,[7,7]
27,[7,8]
28,[7,9]
29,[7,10]
30,[8,10]
31,[9,10]
32,[9,11]
33,[9,12]
34,[10,12]
35,[9,12]
36,[9,11]
37,[9,10]
38,[8,10]
39,[7,10]
40,[7,9]
41,[7,8]
42,[7,7]
43,[7,6]
44,[7,5]
45,[7,4]
46,[6,4]
47,[6,3]
48,[6,2]
49,[6,1]
50,[6,2]
51,[7,2]
52,[8,2]
53,[9,2]
54,[8,2]
55,[7,2]
56,[6,2]
57,[5,2]
58,[5,1]
59,[4,1]
60,[3,1]
61,[2,1]
62,[1,1]
63,[1,2]
64,[1,3]
65,[1,4]
66,[1,5]
