//Quantitative values
42	//Makespan
42	//Mission completion time hauler 1
5	//Application execution time (in millisecond)
//Path to the final points
0,[8,10]
1,[8,9]
2,[8,8]
3,[7,8]
4,[6,8]
5,[5,8]
6,[4,8]
7,[3,8]
8,[2,8]
9,[1,8]
10,[1,7]
11,[1,6]
12,[1,5]
13,[1,4]
14,[1,3]
15,[1,2]
16,[1,1]
17,[1,2]
18,[1,3]
19,[1,4]
20,[1,5]
21,[1,6]
22,[1,7]
23,[1,8]
24,[2,8]
25,[3,8]
26,[4,8]
27,[5,8]
28,[6,8]
29,[7,8]
30,[8,8]
31,[7,8]
32,[6,8]
33,[5,8]
34,[4,8]
35,[3,8]
36,[2,8]
37,[1,8]
38,[1,7]
39,[1,6]
40,[1,5]
41,[1,4]
42,[1,3]
