//Quantitative values
51	//Makespan
51	//Mission completion time hauler 1
42	//Mission completion time hauler 2
21	//Application execution time (in millisecond)
//Path to the final points
0,[2,4],[1,5]
1,[2,5],[1,6]
2,[2,6],[1,7]
3,[2,7],[1,8]
4,[2,8],[1,9]
5,[2,9],[1,10]
6,[2,10],[1,11]
7,[3,10],[1,12]
8,[4,10],[2,12]
9,[4,9],[3,12]
10,[4,8],[4,12]
11,[4,7],[5,12]
12,[4,6],[6,12]
13,[4,5],[7,12]
14,[4,4],[8,12]
15,[5,4],[9,12]
16,[6,4],[9,11]
17,[7,4],[9,10]
18,[7,5],[8,10]
19,[8,5],[8,9]
20,[9,5],[8,8]
21,[10,5],[8,7]
22,[11,5],[8,6]
23,[12,5],[8,5]
24,[11,5],[9,5]
25,[10,5],[9,5]
26,[9,5],[10,5]
27,[8,5],[11,5]
28,[7,5],[12,5]
29,[7,4],[11,5]
30,[6,4],[10,5]
31,[5,4],[9,5]
32,[4,4],[8,5]
33,[3,4],[7,5]
34,[2,4],[7,4]
35,[1,4],[6,4]
36,[1,5],[5,4]
37,[1,6],[4,4]
38,[1,5],[3,4]
39,[1,4],[2,4]
40,[2,4],[1,4]
41,[3,4],[1,5]
42,[4,4],[1,6]
43,[5,4],[1,6]
44,[6,4],[1,6]
45,[7,4],[1,6]
46,[7,5],[1,6]
47,[8,5],[1,6]
48,[9,5],[1,6]
49,[10,5],[1,6]
50,[11,5],[1,6]
51,[12,5],[1,6]
