//Quantitative values
45	//Makespan
45	//Mission completion time hauler 1
9	//Application execution time (in millisecond)
//Path to the final points
0,[5,12]
1,[4,12]
2,[3,12]
3,[2,12]
4,[1,12]
5,[1,11]
6,[1,12]
7,[2,12]
8,[3,12]
9,[4,12]
10,[5,12]
11,[6,12]
12,[7,12]
13,[8,12]
14,[9,12]
15,[9,11]
16,[9,10]
17,[9,9]
18,[9,8]
19,[9,7]
20,[9,6]
21,[10,6]
22,[9,6]
23,[8,6]
24,[7,6]
25,[7,5]
26,[7,4]
27,[6,4]
28,[5,4]
29,[4,4]
30,[3,4]
31,[3,5]
32,[3,6]
33,[3,7]
34,[3,6]
35,[3,5]
36,[3,4]
37,[4,4]
38,[5,4]
39,[6,4]
40,[7,4]
41,[7,5]
42,[7,6]
43,[8,6]
44,[9,6]
45,[10,6]
