//Quantitative values
66	//Makespan
66	//Mission completion time hauler 1
7	//Application execution time (in millisecond)
//Path to the final points
0,[8,10]
1,[7,10]
2,[6,10]
3,[5,10]
4,[4,10]
5,[3,10]
6,[2,10]
7,[1,10]
8,[1,9]
9,[1,8]
10,[1,7]
11,[1,6]
12,[1,5]
13,[1,4]
14,[1,3]
15,[1,2]
16,[1,1]
17,[1,2]
18,[1,3]
19,[1,4]
20,[1,5]
21,[1,6]
22,[1,7]
23,[1,8]
24,[2,8]
25,[3,8]
26,[4,8]
27,[5,8]
28,[6,8]
29,[7,8]
30,[8,8]
31,[7,8]
32,[6,8]
33,[5,8]
34,[4,8]
35,[3,8]
36,[2,8]
37,[1,8]
38,[1,7]
39,[1,6]
40,[1,5]
41,[1,4]
42,[1,3]
43,[1,2]
44,[1,1]
45,[1,2]
46,[1,3]
47,[1,4]
48,[1,5]
49,[1,6]
50,[1,7]
51,[1,8]
52,[1,9]
53,[2,9]
54,[3,9]
55,[4,9]
56,[5,9]
57,[6,9]
58,[7,9]
59,[8,9]
60,[9,9]
61,[10,9]
62,[11,9]
63,[10,9]
64,[9,9]
65,[8,9]
66,[8,8]
