//Quantitative values
62	//Makespan
51	//Mission completion time hauler 1
62	//Mission completion time hauler 2
33	//Application execution time (in millisecond)
//Path to the final points
0,[10,9],[7,4]
1,[10,10],[7,5]
2,[10,11],[7,6]
3,[11,11],[7,7]
4,[10,11],[7,8]
5,[9,11],[7,9]
6,[9,10],[7,10]
7,[9,10],[8,10]
8,[8,10],[9,10]
9,[7,10],[9,11]
10,[7,9],[10,11]
11,[7,8],[11,11]
12,[7,7],[10,11]
13,[7,6],[9,11]
14,[7,5],[9,10]
15,[7,4],[8,10]
16,[6,4],[7,10]
17,[5,4],[7,9]
18,[4,4],[7,8]
19,[3,4],[7,7]
20,[3,5],[7,6]
21,[3,4],[7,5]
22,[4,4],[7,4]
23,[5,4],[6,4]
24,[6,4],[5,4]
25,[7,4],[4,4]
26,[7,5],[3,4]
27,[7,6],[3,5]
28,[7,7],[3,4]
29,[7,8],[4,4]
30,[7,9],[5,4]
31,[7,10],[6,4]
32,[8,10],[7,4]
33,[9,10],[7,5]
34,[9,11],[7,6]
35,[10,11],[8,6]
36,[11,11],[8,5]
37,[10,11],[8,4]
38,[9,11],[8,3]
39,[9,10],[8,2]
40,[8,10],[8,1]
41,[8,9],[9,1]
42,[8,10],[10,1]
43,[9,10],[11,1]
44,[9,11],[10,1]
45,[10,11],[9,1]
46,[11,11],[8,1]
47,[10,11],[8,2]
48,[9,11],[8,3]
49,[9,10],[8,4]
50,[8,10],[8,5]
51,[8,9],[8,6]
52,[8,9],[8,7]
53,[8,9],[8,8]
54,[8,9],[8,9]
55,[8,9],[8,10]
56,[8,9],[9,10]
57,[8,9],[9,11]
58,[8,9],[9,12]
59,[8,9],[8,12]
60,[8,9],[7,12]
61,[8,9],[6,12]
62,[8,9],[5,12]
