//Quantitative values
79	//Makespan
79	//Mission completion time hauler 1
17	//Application execution time (in millisecond)
//Path to the final points
0,[2,4]
1,[2,5]
2,[2,6]
3,[2,7]
4,[3,7]
5,[3,6]
6,[3,5]
7,[3,4]
8,[4,4]
9,[5,4]
10,[6,4]
11,[7,4]
12,[7,5]
13,[7,6]
14,[7,7]
15,[8,7]
16,[9,7]
17,[10,7]
18,[11,7]
19,[12,7]
20,[11,7]
21,[10,7]
22,[9,7]
23,[8,7]
24,[7,7]
25,[7,6]
26,[7,5]
27,[7,4]
28,[6,4]
29,[5,4]
30,[4,4]
31,[3,4]
32,[3,5]
33,[3,6]
34,[3,7]
35,[3,6]
36,[3,5]
37,[3,4]
38,[4,4]
39,[5,4]
40,[6,4]
41,[7,4]
42,[7,5]
43,[7,6]
44,[7,7]
45,[8,7]
46,[9,7]
47,[10,7]
48,[11,7]
49,[12,7]
50,[11,7]
51,[10,7]
52,[9,7]
53,[8,7]
54,[7,7]
55,[7,6]
56,[7,5]
57,[7,4]
58,[6,4]
59,[5,4]
60,[4,4]
61,[3,4]
62,[2,4]
63,[1,4]
64,[1,5]
65,[1,6]
66,[1,5]
67,[1,4]
68,[2,4]
69,[3,4]
70,[4,4]
71,[5,4]
72,[6,4]
73,[7,4]
74,[7,5]
75,[8,5]
76,[9,5]
77,[10,5]
78,[11,5]
79,[12,5]
