//Quantitative values
58	//Makespan
58	//Mission completion time hauler 1
17	//Application execution time (in millisecond)
//Path to the final points
0,[5,12]
1,[4,12]
2,[3,12]
3,[2,12]
4,[1,12]
5,[1,11]
6,[1,10]
7,[1,9]
8,[1,8]
9,[1,7]
10,[1,6]
11,[1,5]
12,[1,4]
13,[1,3]
14,[1,2]
15,[1,1]
16,[1,2]
17,[1,3]
18,[1,4]
19,[1,5]
20,[1,6]
21,[1,7]
22,[1,8]
23,[1,9]
24,[1,10]
25,[1,11]
26,[1,10]
27,[1,9]
28,[1,8]
29,[1,7]
30,[1,6]
31,[1,5]
32,[1,4]
33,[1,3]
34,[1,2]
35,[1,1]
36,[1,2]
37,[1,3]
38,[1,4]
39,[1,5]
40,[1,6]
41,[1,7]
42,[2,7]
43,[3,7]
44,[2,7]
45,[1,7]
46,[1,6]
47,[1,5]
48,[1,4]
49,[1,3]
50,[1,2]
51,[1,1]
52,[1,2]
53,[1,3]
54,[1,4]
55,[1,5]
56,[1,6]
57,[1,7]
58,[2,7]
