//Quantitative values
94	//Makespan
94	//Mission completion time hauler 1
18	//Application execution time (in millisecond)
//Path to the final points
0,[8,3]
1,[7,3]
2,[6,3]
3,[5,3]
4,[4,3]
5,[3,3]
6,[2,3]
7,[1,3]
8,[1,4]
9,[1,5]
10,[1,6]
11,[1,7]
12,[1,8]
13,[1,9]
14,[1,10]
15,[2,10]
16,[3,10]
17,[4,10]
18,[5,10]
19,[6,10]
20,[7,10]
21,[6,10]
22,[5,10]
23,[4,10]
24,[3,10]
25,[2,10]
26,[1,10]
27,[2,10]
28,[3,10]
29,[4,10]
30,[5,10]
31,[6,10]
32,[7,10]
33,[8,10]
34,[9,10]
35,[10,10]
36,[9,10]
37,[8,10]
38,[7,10]
39,[6,10]
40,[5,10]
41,[4,10]
42,[3,10]
43,[2,10]
44,[1,10]
45,[2,10]
46,[3,10]
47,[4,10]
48,[5,10]
49,[6,10]
50,[7,10]
51,[7,9]
52,[7,8]
53,[7,7]
54,[7,6]
55,[7,5]
56,[7,4]
57,[8,4]
58,[8,5]
59,[8,6]
60,[8,7]
61,[9,7]
62,[10,7]
63,[11,7]
64,[10,7]
65,[9,7]
66,[8,7]
67,[8,6]
68,[8,5]
69,[8,4]
70,[7,4]
71,[7,5]
72,[7,6]
73,[7,7]
74,[7,8]
75,[7,9]
76,[7,10]
77,[7,9]
78,[7,8]
79,[7,7]
80,[7,6]
81,[7,5]
82,[8,5]
83,[9,5]
84,[10,5]
85,[11,5]
86,[12,5]
87,[11,5]
88,[10,5]
89,[9,5]
90,[8,5]
91,[7,5]
92,[6,5]
93,[6,4]
94,[6,3]
