//Quantitative values
88	//Makespan
88	//Mission completion time hauler 1
13	//Application execution time (in millisecond)
//Path to the final points
0,[3,3]
1,[3,4]
2,[3,5]
3,[3,6]
4,[4,6]
5,[5,6]
6,[6,6]
7,[7,6]
8,[6,6]
9,[5,6]
10,[4,6]
11,[3,6]
12,[2,6]
13,[1,6]
14,[1,7]
15,[1,8]
16,[1,9]
17,[1,10]
18,[1,11]
19,[1,10]
20,[1,9]
21,[2,9]
22,[3,9]
23,[3,8]
24,[3,7]
25,[3,6]
26,[3,5]
27,[4,5]
28,[5,5]
29,[6,5]
30,[7,5]
31,[6,5]
32,[5,5]
33,[4,5]
34,[3,5]
35,[3,6]
36,[3,7]
37,[3,8]
38,[3,9]
39,[2,9]
40,[1,9]
41,[1,10]
42,[1,11]
43,[1,10]
44,[1,9]
45,[2,9]
46,[3,9]
47,[2,9]
48,[1,9]
49,[1,10]
50,[1,11]
51,[1,10]
52,[1,9]
53,[2,9]
54,[3,9]
55,[4,9]
56,[5,9]
57,[6,9]
58,[7,9]
59,[6,9]
60,[5,9]
61,[4,9]
62,[3,9]
63,[2,9]
64,[2,8]
65,[2,7]
66,[2,6]
67,[2,5]
68,[2,4]
69,[2,5]
70,[2,6]
71,[2,7]
72,[2,8]
73,[2,9]
74,[3,9]
75,[4,9]
76,[5,9]
77,[6,9]
78,[7,9]
79,[6,9]
80,[5,9]
81,[4,9]
82,[3,9]
83,[2,9]
84,[2,8]
85,[2,7]
86,[2,6]
87,[2,5]
88,[2,4]
