//Quantitative values
72	//Makespan
72	//Mission completion time hauler 1
24	//Application execution time (in millisecond)
//Path to the final points
0,[7,5]
1,[7,6]
2,[7,7]
3,[7,8]
4,[7,9]
5,[8,9]
6,[9,9]
7,[10,9]
8,[11,9]
9,[10,9]
10,[9,9]
11,[8,9]
12,[7,9]
13,[6,9]
14,[5,9]
15,[5,8]
16,[5,7]
17,[5,6]
18,[5,5]
19,[5,4]
20,[4,4]
21,[4,5]
22,[4,6]
23,[4,7]
24,[4,8]
25,[4,9]
26,[5,9]
27,[6,9]
28,[7,9]
29,[8,9]
30,[9,9]
31,[10,9]
32,[11,9]
33,[10,9]
34,[9,9]
35,[8,9]
36,[7,9]
37,[6,9]
38,[5,9]
39,[6,9]
40,[7,9]
41,[8,9]
42,[9,9]
43,[10,9]
44,[11,9]
45,[10,9]
46,[9,9]
47,[8,9]
48,[7,9]
49,[6,9]
50,[5,9]
51,[6,9]
52,[7,9]
53,[8,9]
54,[9,9]
55,[10,9]
56,[11,9]
57,[10,9]
58,[9,9]
59,[8,9]
60,[7,9]
61,[6,9]
62,[5,9]
63,[6,9]
64,[7,9]
65,[8,9]
66,[9,9]
67,[10,9]
68,[11,9]
69,[10,9]
70,[9,9]
71,[8,9]
72,[7,9]
