//Quantitative values
155	//Makespan
155	//Mission completion time hauler 1
32	//Application execution time (in millisecond)
//Path to the final points
0,[5,4]
1,[5,5]
2,[5,6]
3,[5,7]
4,[4,7]
5,[3,7]
6,[3,6]
7,[3,5]
8,[3,6]
9,[3,7]
10,[3,8]
11,[3,9]
12,[3,10]
13,[3,11]
14,[3,10]
15,[3,9]
16,[3,8]
17,[3,7]
18,[4,7]
19,[5,7]
20,[5,6]
21,[5,5]
22,[5,4]
23,[5,3]
24,[5,2]
25,[6,2]
26,[7,2]
27,[8,2]
28,[9,2]
29,[10,2]
30,[11,2]
31,[12,2]
32,[12,3]
33,[12,4]
34,[11,4]
35,[10,4]
36,[10,5]
37,[10,6]
38,[10,5]
39,[10,4]
40,[11,4]
41,[12,4]
42,[12,3]
43,[12,2]
44,[11,2]
45,[10,2]
46,[9,2]
47,[8,2]
48,[7,2]
49,[6,2]
50,[5,2]
51,[5,3]
52,[5,4]
53,[5,5]
54,[5,6]
55,[5,7]
56,[4,7]
57,[3,7]
58,[3,6]
59,[3,5]
60,[3,6]
61,[3,7]
62,[4,7]
63,[5,7]
64,[5,6]
65,[5,5]
66,[5,4]
67,[5,3]
68,[5,2]
69,[6,2]
70,[7,2]
71,[8,2]
72,[9,2]
73,[10,2]
74,[11,2]
75,[12,2]
76,[12,3]
77,[12,4]
78,[11,4]
79,[10,4]
80,[10,5]
81,[10,6]
82,[10,5]
83,[10,4]
84,[11,4]
85,[12,4]
86,[12,3]
87,[12,2]
88,[11,2]
89,[10,2]
90,[9,2]
91,[8,2]
92,[7,2]
93,[6,2]
94,[5,2]
95,[5,3]
96,[5,4]
97,[5,5]
98,[5,6]
99,[5,7]
100,[4,7]
101,[3,7]
102,[3,6]
103,[3,5]
104,[3,6]
105,[3,7]
106,[4,7]
107,[5,7]
108,[5,6]
109,[5,5]
110,[5,4]
111,[5,3]
112,[5,2]
113,[6,2]
114,[7,2]
115,[8,2]
116,[9,2]
117,[10,2]
118,[11,2]
119,[12,2]
120,[12,3]
121,[12,4]
122,[11,4]
123,[10,4]
124,[10,5]
125,[10,6]
126,[10,5]
127,[10,4]
128,[11,4]
129,[12,4]
130,[12,3]
131,[12,2]
132,[11,2]
133,[10,2]
134,[9,2]
135,[8,2]
136,[7,2]
137,[6,2]
138,[5,2]
139,[5,3]
140,[5,4]
141,[5,5]
142,[5,6]
143,[5,7]
144,[4,7]
145,[3,7]
146,[3,8]
147,[3,9]
148,[3,10]
149,[3,11]
150,[3,10]
151,[3,9]
152,[3,8]
153,[3,9]
154,[3,10]
155,[3,11]
