//Quantitative values
95	//Makespan
95	//Mission completion time hauler 1
17	//Application execution time (in millisecond)
//Path to the final points
0,[2,8]
1,[3,8]
2,[4,8]
3,[5,8]
4,[6,8]
5,[7,8]
6,[6,8]
7,[5,8]
8,[4,8]
9,[3,8]
10,[2,8]
11,[1,8]
12,[1,7]
13,[1,6]
14,[1,5]
15,[1,4]
16,[1,3]
17,[1,2]
18,[1,1]
19,[2,1]
20,[3,1]
21,[4,1]
22,[5,1]
23,[6,1]
24,[6,2]
25,[7,2]
26,[8,2]
27,[9,2]
28,[9,3]
29,[9,4]
30,[9,5]
31,[9,6]
32,[9,7]
33,[10,7]
34,[11,7]
35,[12,7]
36,[11,7]
37,[10,7]
38,[9,7]
39,[8,7]
40,[7,7]
41,[6,7]
42,[5,7]
43,[4,7]
44,[3,7]
45,[2,7]
46,[1,7]
47,[1,6]
48,[1,5]
49,[1,4]
50,[1,3]
51,[1,2]
52,[1,1]
53,[1,2]
54,[2,2]
55,[3,2]
56,[4,2]
57,[5,2]
58,[6,2]
59,[7,2]
60,[8,2]
61,[9,2]
62,[9,3]
63,[9,4]
64,[9,5]
65,[9,6]
66,[9,7]
67,[10,7]
68,[11,7]
69,[12,7]
70,[11,7]
71,[10,7]
72,[9,7]
73,[8,7]
74,[7,7]
75,[6,7]
76,[5,7]
77,[4,7]
78,[3,7]
79,[2,7]
80,[1,7]
81,[1,6]
82,[1,5]
83,[1,4]
84,[1,3]
85,[1,2]
86,[1,1]
87,[1,2]
88,[2,2]
89,[3,2]
90,[4,2]
91,[5,2]
92,[6,2]
93,[7,2]
94,[8,2]
95,[9,2]
