//Quantitative values
48	//Makespan
48	//Mission completion time hauler 1
47	//Mission completion time hauler 2
41	//Mission completion time hauler 3
35	//Application execution time (in millisecond)
//Path to the final points
0,[7,3],[7,8],[3,10]
1,[6,3],[7,7],[2,10]
2,[5,3],[7,6],[2,9]
3,[4,3],[7,5],[2,8]
4,[3,3],[8,5],[2,7]
5,[2,3],[9,5],[2,6]
6,[1,3],[9,4],[2,5]
7,[1,4],[10,4],[3,5]
8,[1,5],[11,4],[4,5]
9,[1,6],[12,4],[5,5]
10,[1,7],[11,4],[6,5]
11,[2,7],[10,4],[7,5]
12,[2,8],[9,4],[8,5]
13,[2,9],[9,5],[8,5]
14,[2,10],[8,5],[9,5]
15,[2,11],[7,5],[9,4]
16,[3,11],[6,5],[10,4]
17,[3,12],[5,5],[11,4]
18,[4,12],[4,5],[12,4]
19,[5,12],[3,5],[11,4]
20,[6,12],[2,5],[10,4]
21,[7,12],[1,5],[9,4]
22,[8,12],[1,6],[9,5]
23,[7,12],[1,7],[8,5]
24,[6,12],[2,7],[7,5]
25,[5,12],[2,8],[6,5]
26,[4,12],[2,9],[5,5]
27,[3,12],[2,10],[5,6]
28,[3,11],[2,11],[5,7]
29,[2,11],[3,11],[5,8]
30,[2,10],[3,12],[5,9]
31,[2,9],[4,12],[5,10]
32,[2,8],[5,12],[5,11]
33,[2,7],[6,12],[4,11]
34,[1,7],[7,12],[4,10]
35,[1,6],[8,12],[4,9]
36,[1,5],[7,12],[4,8]
37,[2,5],[6,12],[4,7]
38,[3,5],[5,12],[4,6]
39,[4,5],[4,12],[4,6]
40,[5,5],[3,12],[4,5]
41,[6,5],[3,11],[4,4]
42,[7,5],[2,11],[4,4]
43,[8,5],[2,10],[4,4]
44,[9,5],[2,9],[4,4]
45,[9,4],[2,8],[4,4]
46,[10,4],[2,7],[4,4]
47,[11,4],[1,7],[4,4]
48,[12,4],[1,7],[4,4]
