//Quantitative values
42	//Makespan
36	//Mission completion time hauler 1
42	//Mission completion time hauler 2
35	//Mission completion time hauler 3
11	//Application execution time (in millisecond)
//Path to the final points
0,[5,3],[7,5],[8,10]
1,[5,2],[6,5],[7,10]
2,[5,1],[6,6],[6,10]
3,[6,1],[5,6],[5,10]
4,[7,1],[4,6],[5,11]
5,[8,1],[3,6],[5,12]
6,[9,1],[2,6],[6,12]
7,[10,1],[2,7],[7,12]
8,[9,1],[2,8],[8,12]
9,[8,1],[2,9],[9,12]
10,[8,2],[2,8],[10,12]
11,[8,3],[2,7],[11,12]
12,[7,3],[2,6],[11,11]
13,[7,4],[3,6],[11,10]
14,[7,5],[4,6],[11,9]
15,[7,6],[5,6],[11,8]
16,[7,7],[6,6],[11,7]
17,[7,8],[6,5],[11,6]
18,[7,9],[7,5],[11,5]
19,[7,10],[8,5],[11,4]
20,[7,9],[9,5],[11,3]
21,[7,8],[8,5],[11,2]
22,[7,7],[7,5],[11,1]
23,[7,6],[6,5],[12,1]
24,[7,5],[6,6],[11,1]
25,[7,4],[5,6],[11,2]
26,[7,3],[4,6],[11,3]
27,[8,3],[3,6],[11,4]
28,[8,2],[2,6],[11,5]
29,[8,1],[2,7],[11,6]
30,[9,1],[2,8],[11,7]
31,[10,1],[2,9],[11,8]
32,[9,1],[2,8],[11,9]
33,[9,2],[2,7],[11,10]
34,[9,3],[2,6],[11,11]
35,[9,4],[3,6],[11,12]
36,[9,5],[4,6],[11,12]
37,[9,5],[5,6],[11,12]
38,[9,5],[6,6],[11,12]
39,[9,5],[6,5],[11,12]
40,[9,5],[7,5],[11,12]
41,[9,5],[8,5],[11,12]
42,[9,5],[9,5],[11,12]
