//Quantitative values
30	//Makespan
24	//Mission completion time hauler 1
18	//Mission completion time hauler 2
30	//Mission completion time hauler 3
36	//Application execution time (in millisecond)
//Path to the final points
0,[4,7],[8,8],[7,5]
1,[3,7],[7,8],[6,5]
2,[3,6],[6,8],[5,5]
3,[3,5],[5,8],[5,6]
4,[3,4],[4,8],[5,7]
5,[3,3],[3,8],[5,8]
6,[3,2],[2,8],[5,9]
7,[3,1],[1,8],[5,8]
8,[4,1],[2,8],[5,7]
9,[5,1],[3,8],[5,6]
10,[6,1],[3,9],[5,5]
11,[7,1],[4,9],[5,4]
12,[7,2],[5,9],[5,3]
13,[7,3],[5,10],[5,2]
14,[7,4],[5,9],[5,3]
15,[7,5],[6,9],[5,4]
16,[7,6],[7,9],[5,5]
17,[7,7],[8,9],[5,6]
18,[7,8],[9,9],[5,7]
19,[7,9],[9,9],[5,8]
20,[7,10],[9,9],[5,9]
21,[7,11],[9,9],[5,8]
22,[6,11],[9,9],[5,7]
23,[5,11],[9,9],[5,6]
24,[5,10],[9,9],[5,5]
25,[5,10],[9,9],[5,4]
26,[5,10],[9,9],[5,3]
27,[5,10],[9,9],[5,2]
28,[5,10],[9,9],[5,1]
29,[5,10],[9,9],[6,1]
30,[5,10],[9,9],[7,1]
