//Quantitative values
34	//Makespan
33	//Mission completion time hauler 1
25	//Mission completion time hauler 2
34	//Mission completion time hauler 3
11	//Application execution time (in millisecond)
//Path to the final points
0,[1,11],[6,2],[12,9]
1,[1,10],[5,2],[11,9]
2,[1,9],[4,2],[10,9]
3,[1,8],[3,2],[9,9]
4,[1,7],[2,2],[8,9]
5,[2,7],[2,3],[7,9]
6,[2,6],[2,4],[6,9]
7,[2,5],[2,3],[5,9]
8,[1,5],[3,3],[4,9]
9,[1,4],[4,3],[3,9]
10,[1,5],[5,3],[2,9]
11,[2,5],[6,3],[2,8]
12,[2,6],[7,3],[2,7]
13,[2,7],[8,3],[2,6]
14,[2,8],[9,3],[2,5]
15,[2,7],[10,3],[2,4]
16,[2,6],[11,3],[2,3]
17,[2,5],[12,3],[2,2]
18,[2,4],[11,3],[2,1]
19,[2,3],[11,2],[3,1]
20,[2,2],[11,1],[4,1]
21,[2,1],[10,1],[5,1]
22,[3,1],[11,1],[6,1]
23,[4,1],[11,2],[7,1]
24,[5,1],[11,3],[8,1]
25,[6,1],[12,3],[9,1]
26,[7,1],[12,3],[10,1]
27,[8,1],[12,3],[11,1]
28,[9,1],[12,3],[11,2]
29,[10,1],[12,3],[11,3]
30,[11,1],[12,3],[12,3]
31,[11,2],[12,3],[11,3]
32,[11,3],[12,3],[11,2]
33,[12,3],[12,3],[11,1]
34,[12,3],[12,3],[10,1]
