//Quantitative values
79	//Makespan
79	//Mission completion time hauler 1
13	//Application execution time (in millisecond)
//Path to the final points
0,[3,8]
1,[3,7]
2,[3,6]
3,[4,6]
4,[5,6]
5,[6,6]
6,[5,6]
7,[4,6]
8,[3,6]
9,[3,7]
10,[3,8]
11,[3,9]
12,[3,10]
13,[3,11]
14,[3,12]
15,[3,11]
16,[3,10]
17,[4,10]
18,[5,10]
19,[6,10]
20,[7,10]
21,[8,10]
22,[9,10]
23,[10,10]
24,[9,10]
25,[8,10]
26,[7,10]
27,[6,10]
28,[6,9]
29,[6,8]
30,[6,7]
31,[6,6]
32,[6,7]
33,[6,8]
34,[6,9]
35,[6,10]
36,[7,10]
37,[8,10]
38,[9,10]
39,[10,10]
40,[9,10]
41,[8,10]
42,[7,10]
43,[6,10]
44,[5,10]
45,[5,9]
46,[5,8]
47,[5,7]
48,[6,7]
49,[7,7]
50,[8,7]
51,[9,7]
52,[10,7]
53,[11,7]
54,[10,7]
55,[9,7]
56,[9,8]
57,[9,9]
58,[8,9]
59,[7,9]
60,[6,9]
61,[5,9]
62,[4,9]
63,[3,9]
64,[3,10]
65,[3,11]
66,[3,12]
67,[3,11]
68,[3,10]
69,[4,10]
70,[5,10]
71,[5,9]
72,[5,8]
73,[5,7]
74,[6,7]
75,[7,7]
76,[8,7]
77,[9,7]
78,[10,7]
79,[11,7]
