//Quantitative values
87	//Makespan
75	//Mission completion time hauler 1
87	//Mission completion time hauler 2
78	//Mission completion time hauler 3
96	//Application execution time (in millisecond)
//Path to the final points
0,[4,8],[11,2],[1,12]
1,[5,8],[10,2],[1,11]
2,[5,7],[10,3],[1,10]
3,[6,7],[9,3],[1,9]
4,[7,7],[8,3],[1,8]
5,[8,7],[7,3],[2,8]
6,[9,7],[6,3],[3,8]
7,[9,6],[5,3],[4,8]
8,[9,5],[4,3],[5,8]
9,[8,5],[3,3],[5,7]
10,[8,4],[2,3],[6,7]
11,[8,3],[2,4],[7,7]
12,[8,2],[2,5],[7,6]
13,[8,1],[2,6],[7,5]
14,[7,1],[2,7],[7,4]
15,[7,2],[2,6],[7,3]
16,[7,3],[2,5],[7,2]
17,[7,4],[3,5],[7,1]
18,[7,5],[4,5],[8,1]
19,[7,6],[5,5],[7,1]
20,[7,7],[5,6],[7,2]
21,[8,7],[5,7],[7,3]
22,[7,7],[5,8],[7,4]
23,[6,7],[4,8],[7,5]
24,[5,7],[4,9],[7,6]
25,[5,6],[4,10],[7,7]
26,[4,6],[4,11],[6,7]
27,[3,6],[4,12],[5,7]
28,[2,6],[4,11],[5,6]
29,[2,7],[4,10],[5,5]
30,[2,6],[4,9],[5,6]
31,[3,6],[4,8],[5,7]
32,[4,6],[5,8],[6,7]
33,[5,6],[5,7],[7,7]
34,[5,7],[6,7],[7,7]
35,[5,7],[7,7],[6,7]
36,[6,7],[8,7],[5,7]
37,[7,7],[9,7],[5,6]
38,[8,7],[9,8],[5,5]
39,[7,7],[9,9],[5,6]
40,[6,7],[9,10],[5,7]
41,[5,7],[9,11],[5,8]
42,[5,8],[9,12],[4,8]
43,[4,8],[10,12],[4,9]
44,[4,9],[9,12],[4,10]
45,[4,10],[9,11],[4,11]
46,[4,11],[9,10],[4,12]
47,[4,12],[9,9],[5,12]
48,[4,11],[9,8],[6,12]
49,[4,10],[9,7],[7,12]
50,[4,9],[9,8],[8,12]
51,[4,8],[9,9],[9,12]
52,[5,8],[9,10],[10,12]
53,[5,7],[9,11],[9,12]
54,[6,7],[9,12],[9,11]
55,[7,7],[10,12],[9,10]
56,[8,7],[9,12],[9,9]
57,[7,7],[8,12],[9,8]
58,[6,7],[7,12],[9,7]
59,[5,7],[6,12],[9,6]
60,[5,6],[5,12],[9,5]
61,[4,6],[4,12],[8,5]
62,[3,6],[4,11],[8,4]
63,[2,6],[4,10],[8,3]
64,[2,7],[4,9],[8,2]
65,[2,6],[4,8],[8,1]
66,[3,6],[5,8],[8,2]
67,[4,6],[5,7],[8,3]
68,[5,6],[6,7],[8,4]
69,[5,7],[7,7],[8,5]
70,[6,7],[8,7],[9,5]
71,[6,7],[7,7],[9,6]
72,[7,7],[6,7],[9,7]
73,[8,7],[5,7],[9,8]
74,[7,7],[5,8],[9,9]
75,[8,7],[4,8],[9,10]
76,[8,7],[4,9],[9,11]
77,[8,7],[4,10],[9,12]
78,[8,7],[4,11],[10,12]
79,[8,7],[4,12],[10,12]
80,[8,7],[4,11],[10,12]
81,[8,7],[4,10],[10,12]
82,[8,7],[4,9],[10,12]
83,[8,7],[4,8],[10,12]
84,[8,7],[5,8],[10,12]
85,[8,7],[5,7],[10,12]
86,[8,7],[5,6],[10,12]
87,[8,7],[5,5],[10,12]
