//Quantitative values
117	//Makespan
116	//Mission completion time hauler 1
117	//Mission completion time hauler 2
107	//Mission completion time hauler 3
34	//Application execution time (in millisecond)
//Path to the final points
0,[7,3],[7,8],[3,10]
1,[7,4],[6,8],[2,10]
2,[7,5],[5,8],[2,9]
3,[7,6],[4,8],[2,8]
4,[7,7],[3,8],[2,7]
5,[7,8],[2,8],[1,7]
6,[7,9],[2,7],[2,7]
7,[7,10],[1,7],[2,8]
8,[7,11],[1,6],[2,9]
9,[7,12],[1,5],[2,10]
10,[8,12],[2,5],[2,11]
11,[7,12],[3,5],[3,11]
12,[6,12],[4,5],[3,12]
13,[5,12],[5,5],[4,12]
14,[4,12],[6,5],[5,12]
15,[3,12],[7,5],[6,12]
16,[3,11],[8,5],[7,12]
17,[2,11],[9,5],[8,12]
18,[2,10],[9,4],[7,12]
19,[2,9],[10,4],[6,12]
20,[2,8],[11,4],[5,12]
21,[2,7],[12,4],[4,12]
22,[1,7],[11,4],[3,12]
23,[1,6],[10,4],[3,11]
24,[1,5],[9,4],[2,11]
25,[1,6],[9,5],[2,10]
26,[1,7],[8,5],[2,9]
27,[2,7],[7,5],[2,8]
28,[2,8],[6,5],[2,7]
29,[2,9],[5,5],[2,6]
30,[2,10],[4,5],[2,5]
31,[2,11],[3,5],[3,5]
32,[3,11],[2,5],[4,5]
33,[3,12],[1,5],[5,5]
34,[4,12],[1,4],[6,5]
35,[5,12],[2,4],[7,5]
36,[4,12],[3,4],[8,5]
37,[3,12],[4,4],[9,5]
38,[3,11],[4,5],[9,4]
39,[2,11],[4,6],[10,4]
40,[2,10],[4,7],[11,4]
41,[2,9],[4,8],[12,4]
42,[2,8],[4,9],[11,4]
43,[2,9],[4,10],[10,4]
44,[2,10],[4,11],[9,4]
45,[2,11],[5,11],[9,5]
46,[3,11],[5,12],[8,5]
47,[3,12],[4,12],[7,5]
48,[4,12],[3,12],[6,5]
49,[5,12],[3,11],[5,5]
50,[6,12],[2,11],[4,5]
51,[7,12],[2,10],[3,5]
52,[8,12],[2,9],[2,5]
53,[7,12],[2,8],[2,6]
54,[6,12],[2,7],[2,7]
55,[5,12],[1,7],[2,8]
56,[4,12],[1,6],[2,9]
57,[3,12],[1,5],[2,10]
58,[3,11],[1,6],[2,11]
59,[2,11],[1,7],[3,11]
60,[2,10],[2,7],[3,12]
61,[2,9],[2,8],[4,12]
62,[2,8],[2,9],[5,12]
63,[2,7],[2,10],[5,11]
64,[1,7],[2,11],[5,12]
65,[1,6],[3,11],[6,12]
66,[1,5],[3,12],[7,12]
67,[1,6],[4,12],[8,12]
68,[1,7],[5,12],[7,12]
69,[2,7],[6,12],[6,12]
70,[2,8],[7,12],[5,12]
71,[2,9],[8,12],[4,12]
72,[2,10],[7,12],[3,12]
73,[2,11],[6,12],[3,11]
74,[3,11],[5,12],[2,11]
75,[3,12],[4,12],[2,10]
76,[4,12],[3,12],[2,9]
77,[5,12],[3,11],[2,8]
78,[4,12],[2,11],[2,7]
79,[3,12],[2,10],[1,7]
80,[3,11],[2,9],[1,6]
81,[2,11],[2,8],[1,5]
82,[2,10],[2,7],[1,4]
83,[2,9],[1,7],[2,4]
84,[2,8],[1,6],[3,4]
85,[2,9],[1,5],[4,4]
86,[2,10],[1,6],[4,5]
87,[2,11],[1,7],[4,6]
88,[3,11],[2,7],[4,7]
89,[3,12],[2,8],[4,8]
90,[4,12],[2,9],[4,9]
91,[5,12],[2,10],[4,10]
92,[6,12],[2,11],[4,11]
93,[7,12],[3,11],[5,11]
94,[8,12],[3,12],[5,10]
95,[7,12],[4,12],[5,9]
96,[6,12],[5,12],[5,8]
97,[5,12],[4,12],[5,7]
98,[5,11],[3,12],[5,6]
99,[5,12],[3,11],[5,5]
100,[6,12],[2,11],[6,5]
101,[7,12],[2,10],[7,5]
102,[8,12],[2,9],[8,5]
103,[7,12],[2,8],[9,5]
104,[6,12],[2,7],[9,4]
105,[5,12],[1,7],[10,4]
106,[4,12],[2,7],[11,4]
107,[3,12],[2,8],[12,4]
108,[3,11],[2,9],[12,4]
109,[2,11],[2,10],[12,4]
110,[2,10],[2,11],[12,4]
111,[2,9],[3,11],[12,4]
112,[2,8],[3,12],[12,4]
113,[2,7],[4,12],[12,4]
114,[1,7],[5,12],[12,4]
115,[1,6],[6,12],[12,4]
116,[1,5],[7,12],[12,4]
117,[1,5],[8,12],[12,4]
