//Quantitative values
88	//Makespan
67	//Mission completion time hauler 1
88	//Mission completion time hauler 2
78	//Mission completion time hauler 3
36	//Application execution time (in millisecond)
//Path to the final points
0,[4,7],[8,8],[7,5]
1,[3,7],[7,8],[6,5]
2,[2,7],[7,7],[5,5]
3,[1,7],[7,6],[4,5]
4,[1,8],[7,5],[3,5]
5,[1,7],[7,4],[2,5]
6,[2,7],[7,3],[1,5]
7,[3,7],[7,2],[1,6]
8,[3,8],[7,1],[1,7]
9,[3,9],[6,1],[1,8]
10,[3,10],[5,1],[2,8]
11,[4,10],[5,2],[3,8]
12,[5,10],[5,3],[3,9]
13,[4,10],[5,4],[4,9]
14,[3,10],[5,5],[5,9]
15,[3,9],[5,6],[4,9]
16,[3,8],[5,7],[3,9]
17,[3,7],[5,8],[3,8]
18,[3,6],[5,9],[2,8]
19,[3,5],[5,10],[1,8]
20,[3,4],[5,9],[2,8]
21,[3,3],[6,9],[3,8]
22,[3,2],[7,9],[3,9]
23,[4,2],[8,9],[4,9]
24,[5,2],[9,9],[5,9]
25,[4,2],[8,9],[6,9]
26,[3,2],[7,9],[7,9]
27,[3,3],[6,9],[8,9]
28,[3,4],[5,9],[9,9]
29,[3,5],[5,8],[8,9]
30,[3,6],[5,7],[7,9]
31,[3,7],[5,6],[6,9]
32,[3,8],[5,5],[5,9]
33,[3,9],[5,4],[5,10]
34,[3,10],[5,3],[4,10]
35,[4,10],[5,2],[3,10]
36,[5,10],[5,3],[3,9]
37,[5,9],[5,4],[3,8]
38,[6,9],[5,5],[3,7]
39,[7,9],[5,6],[3,6]
40,[8,9],[5,7],[3,5]
41,[9,9],[5,8],[3,4]
42,[8,9],[5,9],[3,3]
43,[7,9],[6,9],[3,2]
44,[7,8],[7,9],[3,1]
45,[7,7],[8,9],[4,1]
46,[7,6],[9,9],[5,1]
47,[7,5],[8,9],[6,1]
48,[7,4],[7,9],[7,1]
49,[7,3],[6,9],[6,1]
50,[7,2],[5,9],[5,1]
51,[7,1],[4,9],[5,2]
52,[6,1],[3,9],[5,3]
53,[5,1],[3,8],[5,4]
54,[4,1],[2,8],[5,5]
55,[3,1],[1,8],[5,6]
56,[3,2],[2,8],[5,7]
57,[3,3],[3,8],[5,8]
58,[3,4],[3,9],[5,9]
59,[3,5],[4,9],[5,10]
60,[3,6],[5,9],[5,9]
61,[3,7],[5,8],[5,8]
62,[3,8],[5,7],[5,7]
63,[3,9],[5,6],[5,6]
64,[3,10],[5,5],[5,5]
65,[4,10],[5,4],[5,4]
66,[5,10],[5,3],[5,3]
67,[5,9],[5,2],[5,2]
68,[5,9],[5,1],[5,3]
69,[5,9],[6,1],[5,4]
70,[5,9],[7,1],[5,5]
71,[5,9],[6,1],[5,6]
72,[5,9],[5,1],[5,7]
73,[5,9],[4,1],[5,8]
74,[5,9],[3,1],[5,9]
75,[5,9],[3,2],[6,9]
76,[5,9],[3,3],[7,9]
77,[5,9],[3,4],[8,9]
78,[5,9],[3,5],[9,9]
79,[5,9],[3,6],[9,9]
80,[5,9],[3,7],[9,9]
81,[5,9],[3,8],[9,9]
82,[5,9],[3,9],[9,9]
83,[5,9],[3,10],[9,9]
84,[5,9],[4,10],[9,9]
85,[5,9],[5,10],[9,9]
86,[5,9],[5,11],[9,9]
87,[5,9],[6,11],[9,9]
88,[5,9],[7,11],[9,9]
