//Quantitative values
47	//Makespan
47	//Mission completion time hauler 1
13	//Application execution time (in millisecond)
//Path to the final points
0,[10,2]
1,[9,2]
2,[8,2]
3,[7,2]
4,[6,2]
5,[5,2]
6,[4,2]
7,[3,2]
8,[3,3]
9,[3,4]
10,[3,5]
11,[3,6]
12,[3,7]
13,[3,8]
14,[3,9]
15,[3,10]
16,[3,9]
17,[3,8]
18,[3,7]
19,[3,6]
20,[3,5]
21,[3,4]
22,[3,3]
23,[4,3]
24,[5,3]
25,[6,3]
26,[7,3]
27,[8,3]
28,[8,4]
29,[8,5]
30,[9,5]
31,[10,5]
32,[11,5]
33,[10,5]
34,[9,5]
35,[8,5]
36,[7,5]
37,[6,5]
38,[5,5]
39,[4,5]
40,[3,5]
41,[3,6]
42,[3,7]
43,[3,8]
44,[3,9]
45,[3,10]
46,[3,11]
47,[3,12]
