//Quantitative values
100	//Makespan
100	//Mission completion time hauler 1
28	//Application execution time (in millisecond)
//Path to the final points
0,[1,12]
1,[1,11]
2,[2,11]
3,[3,11]
4,[4,11]
5,[5,11]
6,[5,10]
7,[5,9]
8,[5,8]
9,[5,7]
10,[5,6]
11,[5,5]
12,[6,5]
13,[6,4]
14,[6,3]
15,[6,2]
16,[6,3]
17,[6,4]
18,[6,5]
19,[6,6]
20,[7,6]
21,[8,6]
22,[8,7]
23,[9,7]
24,[9,8]
25,[9,9]
26,[10,9]
27,[9,9]
28,[9,8]
29,[9,7]
30,[8,7]
31,[8,6]
32,[7,6]
33,[6,6]
34,[6,5]
35,[6,4]
36,[6,3]
37,[5,3]
38,[6,3]
39,[7,3]
40,[8,3]
41,[8,2]
42,[9,2]
43,[10,2]
44,[10,3]
45,[10,4]
46,[11,4]
47,[11,5]
48,[11,4]
49,[10,4]
50,[10,3]
51,[10,2]
52,[9,2]
53,[8,2]
54,[8,1]
55,[7,1]
56,[6,1]
57,[6,2]
58,[6,1]
59,[7,1]
60,[8,1]
61,[8,2]
62,[9,2]
63,[10,2]
64,[10,3]
65,[10,4]
66,[11,4]
67,[11,5]
68,[11,4]
69,[10,4]
70,[10,3]
71,[10,2]
72,[9,2]
73,[8,2]
74,[8,1]
75,[7,1]
76,[6,1]
77,[6,2]
78,[6,3]
79,[6,4]
80,[6,5]
81,[5,5]
82,[5,6]
83,[5,7]
84,[5,8]
85,[5,9]
86,[5,10]
87,[5,11]
88,[5,10]
89,[5,9]
90,[5,8]
91,[5,7]
92,[5,6]
93,[5,5]
94,[6,5]
95,[6,4]
96,[6,3]
97,[6,2]
98,[6,1]
99,[7,1]
100,[8,1]
