//Quantitative values
47	//Makespan
47	//Mission completion time hauler 1
10	//Application execution time (in millisecond)
//Path to the final points
0,[8,12]
1,[7,12]
2,[6,12]
3,[5,12]
4,[4,12]
5,[3,12]
6,[2,12]
7,[2,11]
8,[2,10]
9,[2,9]
10,[2,8]
11,[2,9]
12,[3,9]
13,[4,9]
14,[5,9]
15,[6,9]
16,[7,9]
17,[8,9]
18,[9,9]
19,[8,9]
20,[7,9]
21,[6,9]
22,[5,9]
23,[4,9]
24,[3,9]
25,[2,9]
26,[2,10]
27,[2,11]
28,[2,12]
29,[3,12]
30,[3,11]
31,[3,10]
32,[4,10]
33,[3,10]
34,[2,10]
35,[2,9]
36,[2,8]
37,[2,9]
38,[2,10]
39,[3,10]
40,[4,10]
41,[5,10]
42,[4,10]
43,[3,10]
44,[2,10]
45,[2,9]
46,[2,8]
47,[2,9]
