//Quantitative values
110	//Makespan
110	//Mission completion time hauler 1
10	//Application execution time (in millisecond)
//Path to the final points
0,[12,9]
1,[11,9]
2,[10,9]
3,[9,9]
4,[8,9]
5,[7,9]
6,[6,9]
7,[5,9]
8,[4,9]
9,[3,9]
10,[2,9]
11,[1,9]
12,[1,8]
13,[1,7]
14,[1,6]
15,[1,7]
16,[1,8]
17,[1,9]
18,[1,10]
19,[1,9]
20,[1,8]
21,[1,7]
22,[1,6]
23,[1,5]
24,[1,4]
25,[2,4]
26,[2,5]
27,[2,6]
28,[2,7]
29,[2,8]
30,[2,9]
31,[2,10]
32,[3,10]
33,[4,10]
34,[5,10]
35,[6,10]
36,[7,10]
37,[8,10]
38,[9,10]
39,[10,10]
40,[11,10]
41,[10,10]
42,[9,10]
43,[8,10]
44,[7,10]
45,[6,10]
46,[5,10]
47,[4,10]
48,[3,10]
49,[2,10]
50,[2,9]
51,[2,8]
52,[2,7]
53,[2,6]
54,[2,5]
55,[2,4]
56,[2,5]
57,[2,6]
58,[2,7]
59,[2,8]
60,[2,9]
61,[2,10]
62,[3,10]
63,[4,10]
64,[5,10]
65,[6,10]
66,[7,10]
67,[8,10]
68,[9,10]
69,[10,10]
70,[11,10]
71,[10,10]
72,[9,10]
73,[8,10]
74,[7,10]
75,[6,10]
76,[5,10]
77,[4,10]
78,[3,10]
79,[2,10]
80,[2,9]
81,[2,8]
82,[2,7]
83,[2,6]
84,[2,5]
85,[2,4]
86,[1,4]
87,[1,5]
88,[1,6]
89,[1,7]
90,[1,8]
91,[1,9]
92,[1,10]
93,[1,9]
94,[1,8]
95,[1,7]
96,[1,6]
97,[2,6]
98,[3,6]
99,[4,6]
100,[5,6]
101,[6,6]
102,[7,6]
103,[8,6]
104,[9,6]
105,[9,7]
106,[9,8]
107,[9,9]
108,[9,10]
109,[10,10]
110,[11,10]
