//Quantitative values
84	//Makespan
84	//Mission completion time hauler 1
23	//Application execution time (in millisecond)
//Path to the final points
0,[8,10]
1,[8,9]
2,[9,9]
3,[10,9]
4,[11,9]
5,[10,9]
6,[9,9]
7,[9,10]
8,[9,11]
9,[9,12]
10,[8,12]
11,[7,12]
12,[6,12]
13,[5,12]
14,[4,12]
15,[3,12]
16,[2,12]
17,[1,12]
18,[1,11]
19,[1,10]
20,[1,9]
21,[1,8]
22,[1,7]
23,[1,6]
24,[1,5]
25,[1,4]
26,[1,3]
27,[1,4]
28,[1,5]
29,[1,6]
30,[1,7]
31,[1,8]
32,[1,9]
33,[2,9]
34,[3,9]
35,[4,9]
36,[5,9]
37,[4,9]
38,[3,9]
39,[2,9]
40,[1,9]
41,[1,8]
42,[1,7]
43,[1,6]
44,[1,5]
45,[1,4]
46,[1,3]
47,[1,4]
48,[1,5]
49,[1,6]
50,[1,7]
51,[1,8]
52,[1,9]
53,[1,10]
54,[1,11]
55,[1,12]
56,[2,12]
57,[3,12]
58,[4,12]
59,[5,12]
60,[6,12]
61,[7,12]
62,[8,12]
63,[9,12]
64,[9,11]
65,[9,10]
66,[9,9]
67,[10,9]
68,[11,9]
69,[10,9]
70,[9,9]
71,[9,10]
72,[9,11]
73,[9,12]
74,[8,12]
75,[7,12]
76,[6,12]
77,[5,12]
78,[4,12]
79,[3,12]
80,[3,11]
81,[3,10]
82,[3,9]
83,[4,9]
84,[5,9]
