//Quantitative values
62	//Makespan
62	//Mission completion time hauler 1
26	//Application execution time (in millisecond)
//Path to the final points
0,[10,9]
1,[9,9]
2,[9,10]
3,[9,11]
4,[9,12]
5,[8,12]
6,[7,12]
7,[6,12]
8,[5,12]
9,[6,12]
10,[7,12]
11,[8,12]
12,[9,12]
13,[9,11]
14,[10,11]
15,[11,11]
16,[10,11]
17,[9,11]
18,[9,12]
19,[8,12]
20,[7,12]
21,[6,12]
22,[5,12]
23,[6,12]
24,[7,12]
25,[8,12]
26,[9,12]
27,[9,11]
28,[10,11]
29,[11,11]
30,[10,11]
31,[9,11]
32,[9,10]
33,[8,10]
34,[7,10]
35,[7,9]
36,[7,8]
37,[7,7]
38,[7,6]
39,[7,5]
40,[7,4]
41,[6,4]
42,[5,4]
43,[4,4]
44,[3,4]
45,[3,5]
46,[3,4]
47,[4,4]
48,[5,4]
49,[6,4]
50,[7,4]
51,[7,5]
52,[7,6]
53,[8,6]
54,[8,7]
55,[8,8]
56,[8,9]
57,[8,8]
58,[8,7]
59,[8,6]
60,[8,5]
61,[8,4]
62,[8,3]
