//Quantitative values
107	//Makespan
92	//Mission completion time hauler 1
107	//Mission completion time hauler 2
42	//Application execution time (in millisecond)
//Path to the final points
0,[2,4],[1,5]
1,[3,4],[1,6]
2,[4,4],[1,5]
3,[5,4],[1,4]
4,[6,4],[2,4]
5,[7,4],[3,4]
6,[7,5],[4,4]
7,[7,6],[5,4]
8,[7,7],[6,4]
9,[8,7],[7,4]
10,[9,7],[7,5]
11,[10,7],[7,6]
12,[11,7],[7,7]
13,[12,7],[8,7]
14,[11,7],[9,7]
15,[11,7],[10,7]
16,[10,7],[11,7]
17,[9,7],[12,7]
18,[9,8],[11,7]
19,[9,9],[10,7]
20,[9,10],[9,7]
21,[9,11],[8,7]
22,[9,12],[7,7]
23,[8,12],[7,6]
24,[7,12],[7,5]
25,[6,12],[7,4]
26,[5,12],[6,4]
27,[4,12],[5,4]
28,[3,12],[4,4]
29,[3,11],[3,4]
30,[3,10],[2,4]
31,[4,10],[1,4]
32,[3,10],[1,5]
33,[3,11],[1,6]
34,[3,12],[1,7]
35,[4,12],[1,8]
36,[5,12],[1,9]
37,[6,12],[1,10]
38,[7,12],[1,11]
39,[6,12],[1,12]
40,[5,12],[2,12]
41,[4,12],[3,12]
42,[3,12],[4,12]
43,[2,12],[5,12]
44,[1,12],[6,12]
45,[1,11],[7,12]
46,[1,10],[6,12]
47,[1,9],[5,12]
48,[1,8],[4,12]
49,[1,7],[3,12]
50,[1,6],[2,12]
51,[1,7],[1,12]
52,[1,8],[1,11]
53,[1,9],[1,10]
54,[1,10],[1,9]
55,[1,11],[1,8]
56,[1,12],[1,7]
57,[2,12],[1,6]
58,[3,12],[1,5]
59,[4,12],[1,4]
60,[5,12],[2,4]
61,[6,12],[3,4]
62,[7,12],[4,4]
63,[8,12],[5,4]
64,[9,12],[6,4]
65,[9,11],[7,4]
66,[9,10],[7,5]
67,[8,10],[7,6]
68,[8,9],[7,7]
69,[8,8],[8,7]
70,[8,7],[9,7]
71,[8,6],[10,7]
72,[8,5],[11,7]
73,[8,6],[12,7]
74,[8,7],[11,7]
75,[8,8],[10,7]
76,[8,9],[9,7]
77,[8,10],[9,8]
78,[9,10],[9,9]
79,[9,11],[9,10]
80,[9,12],[9,11]
81,[8,12],[9,12]
82,[7,12],[8,12]
83,[8,12],[7,12]
84,[9,12],[6,12]
85,[9,11],[5,12]
86,[9,10],[4,12]
87,[8,10],[3,12]
88,[8,9],[3,11]
89,[8,8],[3,10]
90,[8,7],[4,10]
91,[8,6],[4,9]
92,[8,5],[4,8]
93,[8,5],[4,7]
94,[8,5],[4,6]
95,[8,5],[4,5]
96,[8,5],[4,4]
97,[8,5],[5,4]
98,[8,5],[6,4]
99,[8,5],[7,4]
100,[8,5],[7,5]
101,[8,5],[7,6]
102,[8,5],[7,7]
103,[8,5],[8,7]
104,[8,5],[9,7]
105,[8,5],[10,7]
106,[8,5],[11,7]
107,[8,5],[12,7]
