//Quantitative values
83	//Makespan
83	//Mission completion time hauler 1
21	//Application execution time (in millisecond)
//Path to the final points
0,[4,12]
1,[5,12]
2,[6,12]
3,[6,11]
4,[7,11]
5,[7,10]
6,[7,9]
7,[7,8]
8,[7,7]
9,[7,6]
10,[8,6]
11,[9,6]
12,[8,6]
13,[7,6]
14,[6,6]
15,[5,6]
16,[4,6]
17,[3,6]
18,[3,7]
19,[3,8]
20,[3,9]
21,[3,10]
22,[3,11]
23,[3,10]
24,[3,9]
25,[3,8]
26,[3,7]
27,[3,6]
28,[4,6]
29,[5,6]
30,[5,7]
31,[5,8]
32,[5,9]
33,[6,9]
34,[7,9]
35,[7,10]
36,[7,11]
37,[8,11]
38,[9,11]
39,[8,11]
40,[7,11]
41,[7,10]
42,[7,9]
43,[6,9]
44,[5,9]
45,[5,8]
46,[5,7]
47,[5,6]
48,[4,6]
49,[3,6]
50,[3,7]
51,[3,8]
52,[3,9]
53,[3,10]
54,[3,11]
55,[3,12]
56,[4,12]
57,[5,12]
58,[6,12]
59,[6,11]
60,[7,11]
61,[8,11]
62,[7,11]
63,[7,10]
64,[7,9]
65,[7,8]
66,[7,7]
67,[6,7]
68,[6,6]
69,[6,5]
70,[6,4]
71,[6,3]
72,[5,3]
73,[5,2]
74,[5,3]
75,[6,3]
76,[6,4]
77,[6,5]
78,[6,6]
79,[7,6]
80,[8,6]
81,[9,6]
82,[8,6]
83,[8,5]
