//Quantitative values
74	//Makespan
74	//Mission completion time hauler 1
10	//Application execution time (in millisecond)
//Path to the final points
0,[7,2]
1,[7,3]
2,[8,3]
3,[7,3]
4,[6,3]
5,[5,3]
6,[5,4]
7,[5,5]
8,[5,6]
9,[5,7]
10,[5,8]
11,[5,9]
12,[5,10]
13,[5,11]
14,[5,10]
15,[5,9]
16,[5,8]
17,[5,7]
18,[5,6]
19,[5,5]
20,[5,4]
21,[5,3]
22,[6,3]
23,[7,3]
24,[8,3]
25,[7,3]
26,[6,3]
27,[5,3]
28,[5,4]
29,[5,5]
30,[5,6]
31,[5,7]
32,[5,8]
33,[5,9]
34,[5,10]
35,[5,11]
36,[4,11]
37,[3,11]
38,[2,11]
39,[1,11]
40,[1,10]
41,[1,9]
42,[2,9]
43,[3,9]
44,[4,9]
45,[5,9]
46,[6,9]
47,[7,9]
48,[6,9]
49,[5,9]
50,[4,9]
51,[3,9]
52,[2,9]
53,[1,9]
54,[1,10]
55,[1,9]
56,[2,9]
57,[3,9]
58,[4,9]
59,[5,9]
60,[6,9]
61,[7,9]
62,[7,8]
63,[7,7]
64,[7,6]
65,[7,5]
66,[7,4]
67,[7,3]
68,[8,3]
69,[7,3]
70,[6,3]
71,[5,3]
72,[4,3]
73,[4,2]
74,[4,1]
