//Quantitative values
97	//Makespan
97	//Mission completion time hauler 1
15	//Application execution time (in millisecond)
//Path to the final points
0,[3,8]
1,[3,9]
2,[4,9]
3,[5,9]
4,[6,9]
5,[7,9]
6,[8,9]
7,[9,9]
8,[9,8]
9,[9,7]
10,[9,6]
11,[9,5]
12,[9,4]
13,[9,3]
14,[9,2]
15,[9,1]
16,[10,1]
17,[11,1]
18,[10,1]
19,[9,1]
20,[8,1]
21,[7,1]
22,[6,1]
23,[6,2]
24,[6,3]
25,[6,4]
26,[6,5]
27,[6,6]
28,[6,5]
29,[6,4]
30,[6,3]
31,[6,2]
32,[6,1]
33,[7,1]
34,[8,1]
35,[9,1]
36,[10,1]
37,[11,1]
38,[10,1]
39,[9,1]
40,[9,2]
41,[9,3]
42,[9,4]
43,[9,5]
44,[9,6]
45,[9,7]
46,[9,8]
47,[9,9]
48,[9,8]
49,[9,7]
50,[9,6]
51,[9,5]
52,[9,4]
53,[9,3]
54,[9,2]
55,[9,1]
56,[10,1]
57,[11,1]
58,[10,1]
59,[9,1]
60,[8,1]
61,[7,1]
62,[6,1]
63,[6,2]
64,[6,3]
65,[6,4]
66,[6,5]
67,[6,6]
68,[6,5]
69,[6,4]
70,[6,3]
71,[6,2]
72,[6,1]
73,[7,1]
74,[8,1]
75,[9,1]
76,[10,1]
77,[11,1]
78,[10,1]
79,[9,1]
80,[8,1]
81,[7,1]
82,[6,1]
83,[5,1]
84,[5,2]
85,[5,3]
86,[5,4]
87,[5,5]
88,[5,6]
89,[5,7]
90,[5,8]
91,[5,9]
92,[5,10]
93,[6,10]
94,[7,10]
95,[8,10]
96,[9,10]
97,[10,10]
