//Quantitative values
86	//Makespan
86	//Mission completion time hauler 1
29	//Application execution time (in millisecond)
//Path to the final points
0,[1,3]
1,[1,4]
2,[1,5]
3,[1,6]
4,[1,7]
5,[1,8]
6,[2,8]
7,[3,8]
8,[4,8]
9,[5,8]
10,[6,8]
11,[7,8]
12,[7,7]
13,[7,6]
14,[8,6]
15,[8,5]
16,[9,5]
17,[9,4]
18,[9,5]
19,[9,6]
20,[10,6]
21,[11,6]
22,[12,6]
23,[11,6]
24,[10,6]
25,[9,6]
26,[8,6]
27,[7,6]
28,[6,6]
29,[5,6]
30,[4,6]
31,[3,6]
32,[3,5]
33,[3,4]
34,[3,3]
35,[3,2]
36,[3,3]
37,[3,4]
38,[3,5]
39,[3,6]
40,[3,7]
41,[3,8]
42,[4,8]
43,[5,8]
44,[6,8]
45,[7,8]
46,[7,9]
47,[8,9]
48,[8,10]
49,[9,10]
50,[10,10]
51,[10,11]
52,[11,11]
53,[10,11]
54,[10,10]
55,[9,10]
56,[8,10]
57,[8,9]
58,[7,9]
59,[7,8]
60,[6,8]
61,[5,8]
62,[4,8]
63,[3,8]
64,[3,7]
65,[3,6]
66,[3,5]
67,[3,4]
68,[3,3]
69,[3,2]
70,[3,3]
71,[3,4]
72,[3,5]
73,[3,6]
74,[3,7]
75,[3,8]
76,[4,8]
77,[5,8]
78,[6,8]
79,[7,8]
80,[7,9]
81,[8,9]
82,[8,10]
83,[9,10]
84,[10,10]
85,[10,11]
86,[11,11]
