//Quantitative values
118	//Makespan
118	//Mission completion time hauler 1
117	//Mission completion time hauler 2
114	//Mission completion time hauler 3
42	//Application execution time (in millisecond)
//Path to the final points
0,[7,3],[7,8],[3,10]
1,[7,4],[6,8],[2,10]
2,[7,5],[5,8],[2,9]
3,[7,6],[4,8],[2,8]
4,[7,7],[3,8],[2,7]
5,[7,8],[2,8],[1,7]
6,[7,9],[2,7],[1,7]
7,[7,10],[1,7],[2,7]
8,[7,11],[1,6],[2,8]
9,[7,12],[1,5],[2,9]
10,[8,12],[2,5],[2,10]
11,[7,12],[3,5],[2,11]
12,[6,12],[4,5],[3,11]
13,[5,12],[5,5],[3,12]
14,[4,12],[6,5],[3,12]
15,[3,12],[7,5],[4,12]
16,[3,11],[8,5],[5,12]
17,[2,11],[9,5],[6,12]
18,[2,10],[9,4],[7,12]
19,[2,9],[10,4],[8,12]
20,[2,8],[11,4],[7,12]
21,[2,7],[12,4],[6,12]
22,[1,7],[11,4],[5,12]
23,[1,6],[10,4],[4,12]
24,[1,5],[9,4],[3,12]
25,[1,6],[9,5],[3,11]
26,[1,7],[8,5],[2,11]
27,[2,7],[7,5],[2,10]
28,[2,8],[6,5],[2,9]
29,[2,9],[5,5],[2,8]
30,[2,10],[4,5],[2,7]
31,[2,11],[3,5],[2,6]
32,[3,11],[2,5],[2,6]
33,[3,12],[1,5],[2,5]
34,[4,12],[1,4],[3,5]
35,[5,12],[2,4],[4,5]
36,[4,12],[3,4],[5,5]
37,[3,12],[4,4],[6,5]
38,[3,11],[4,5],[7,5]
39,[2,11],[4,6],[8,5]
40,[2,10],[4,7],[9,5]
41,[2,9],[4,8],[9,4]
42,[2,8],[4,9],[10,4]
43,[2,9],[4,10],[11,4]
44,[2,10],[4,11],[12,4]
45,[2,11],[5,11],[11,4]
46,[3,11],[5,12],[10,4]
47,[3,12],[4,12],[9,4]
48,[4,12],[3,12],[9,5]
49,[5,12],[3,11],[8,5]
50,[6,12],[2,11],[7,5]
51,[7,12],[2,10],[6,5]
52,[8,12],[2,9],[5,5]
53,[7,12],[2,8],[4,5]
54,[6,12],[2,7],[3,5]
55,[5,12],[1,7],[2,5]
56,[4,12],[1,6],[2,6]
57,[3,12],[1,5],[2,7]
58,[3,11],[1,6],[2,8]
59,[2,11],[1,7],[2,9]
60,[2,10],[2,7],[2,9]
61,[2,9],[2,8],[2,10]
62,[2,8],[2,9],[2,11]
63,[2,7],[2,10],[3,11]
64,[1,7],[2,11],[3,12]
65,[1,6],[3,11],[4,12]
66,[1,5],[3,12],[5,12]
67,[1,6],[4,12],[5,11]
68,[1,7],[5,12],[5,11]
69,[2,7],[6,12],[5,12]
70,[2,8],[7,12],[6,12]
71,[2,9],[8,12],[7,12]
72,[2,10],[7,12],[8,12]
73,[2,11],[6,12],[7,12]
74,[3,11],[5,12],[6,12]
75,[3,12],[4,12],[5,12]
76,[4,12],[3,12],[5,12]
77,[5,12],[3,11],[4,12]
78,[4,12],[2,11],[3,12]
79,[3,12],[2,10],[3,11]
80,[3,12],[2,9],[2,11]
81,[3,11],[2,8],[2,10]
82,[2,11],[2,7],[2,9]
83,[2,10],[1,7],[2,8]
84,[2,9],[1,6],[2,7]
85,[2,8],[1,5],[1,7]
86,[2,9],[1,6],[1,7]
87,[2,10],[1,7],[1,6]
88,[2,11],[2,7],[1,5]
89,[3,11],[2,8],[1,4]
90,[3,12],[2,9],[2,4]
91,[4,12],[2,10],[3,4]
92,[5,12],[2,11],[4,4]
93,[6,12],[3,11],[4,5]
94,[7,12],[3,12],[4,6]
95,[8,12],[4,12],[4,7]
96,[7,12],[5,12],[4,8]
97,[6,12],[4,12],[4,9]
98,[5,12],[3,12],[4,10]
99,[5,11],[3,11],[4,11]
100,[5,12],[2,11],[5,11]
101,[6,12],[2,10],[5,10]
102,[7,12],[2,9],[5,9]
103,[8,12],[2,8],[5,8]
104,[7,12],[2,7],[5,7]
105,[6,12],[1,7],[5,6]
106,[5,12],[2,7],[5,5]
107,[4,12],[2,8],[6,5]
108,[3,12],[2,9],[7,5]
109,[3,11],[2,10],[8,5]
110,[3,11],[2,11],[9,5]
111,[2,11],[3,11],[9,4]
112,[2,10],[3,12],[10,4]
113,[2,9],[4,12],[11,4]
114,[2,8],[5,12],[12,4]
115,[2,7],[6,12],[12,4]
116,[1,7],[7,12],[12,4]
117,[1,6],[8,12],[12,4]
118,[1,5],[8,12],[12,4]
