//Quantitative values
137	//Makespan
137	//Mission completion time hauler 1
24	//Application execution time (in millisecond)
//Path to the final points
0,[10,12]
1,[9,12]
2,[8,12]
3,[7,12]
4,[6,12]
5,[5,12]
6,[5,11]
7,[5,10]
8,[5,9]
9,[5,8]
10,[4,8]
11,[3,8]
12,[3,7]
13,[3,6]
14,[3,5]
15,[3,4]
16,[3,3]
17,[3,2]
18,[3,1]
19,[2,1]
20,[1,1]
21,[1,2]
22,[1,3]
23,[1,4]
24,[1,5]
25,[1,6]
26,[1,7]
27,[1,8]
28,[1,9]
29,[1,10]
30,[1,11]
31,[1,12]
32,[2,12]
33,[3,12]
34,[3,11]
35,[3,10]
36,[3,9]
37,[3,8]
38,[4,8]
39,[5,8]
40,[4,8]
41,[3,8]
42,[3,7]
43,[3,6]
44,[3,5]
45,[3,4]
46,[3,3]
47,[3,2]
48,[3,1]
49,[3,2]
50,[3,3]
51,[3,4]
52,[3,5]
53,[3,6]
54,[3,7]
55,[3,8]
56,[4,8]
57,[5,8]
58,[4,8]
59,[3,8]
60,[3,7]
61,[3,6]
62,[3,5]
63,[3,4]
64,[3,3]
65,[3,2]
66,[3,1]
67,[3,2]
68,[3,3]
69,[3,4]
70,[3,5]
71,[3,6]
72,[3,7]
73,[3,8]
74,[3,9]
75,[4,9]
76,[5,9]
77,[6,9]
78,[7,9]
79,[8,9]
80,[9,9]
81,[8,9]
82,[7,9]
83,[6,9]
84,[5,9]
85,[4,9]
86,[3,9]
87,[3,8]
88,[3,7]
89,[3,6]
90,[3,5]
91,[3,4]
92,[3,3]
93,[3,2]
94,[3,1]
95,[2,1]
96,[1,1]
97,[1,2]
98,[1,3]
99,[1,4]
100,[1,5]
101,[1,6]
102,[1,7]
103,[1,8]
104,[1,9]
105,[1,10]
106,[1,11]
107,[1,12]
108,[2,12]
109,[3,12]
110,[3,11]
111,[3,10]
112,[3,9]
113,[3,8]
114,[4,8]
115,[5,8]
116,[4,8]
117,[3,8]
118,[3,9]
119,[3,10]
120,[3,11]
121,[3,12]
122,[2,12]
123,[1,12]
124,[2,12]
125,[3,12]
126,[4,12]
127,[5,12]
128,[5,11]
129,[5,10]
130,[5,9]
131,[5,8]
132,[4,8]
133,[3,8]
134,[3,9]
135,[3,10]
136,[3,11]
137,[3,12]
