//Quantitative values
150	//Makespan
150	//Mission completion time hauler 1
20	//Application execution time (in millisecond)
//Path to the final points
0,[6,4]
1,[6,3]
2,[7,3]
3,[7,4]
4,[7,5]
5,[7,6]
6,[7,7]
7,[7,6]
8,[7,5]
9,[7,4]
10,[7,3]
11,[7,2]
12,[8,2]
13,[9,2]
14,[10,2]
15,[11,2]
16,[12,2]
17,[12,3]
18,[12,4]
19,[12,5]
20,[12,6]
21,[12,7]
22,[12,8]
23,[12,9]
24,[11,9]
25,[10,9]
26,[9,9]
27,[8,9]
28,[8,10]
29,[9,10]
30,[9,11]
31,[9,12]
32,[8,12]
33,[7,12]
34,[6,12]
35,[5,12]
36,[4,12]
37,[3,12]
38,[3,11]
39,[3,10]
40,[3,9]
41,[3,8]
42,[4,8]
43,[5,8]
44,[4,8]
45,[3,8]
46,[3,9]
47,[3,10]
48,[3,11]
49,[3,12]
50,[4,12]
51,[5,12]
52,[6,12]
53,[7,12]
54,[8,12]
55,[9,12]
56,[9,11]
57,[9,10]
58,[8,10]
59,[8,9]
60,[9,9]
61,[10,9]
62,[11,9]
63,[12,9]
64,[12,8]
65,[12,7]
66,[12,6]
67,[12,5]
68,[12,4]
69,[12,3]
70,[12,4]
71,[12,5]
72,[12,6]
73,[12,7]
74,[12,8]
75,[12,9]
76,[11,9]
77,[10,9]
78,[9,9]
79,[8,9]
80,[7,9]
81,[7,8]
82,[7,7]
83,[8,7]
84,[7,7]
85,[7,8]
86,[7,9]
87,[7,10]
88,[8,10]
89,[9,10]
90,[9,11]
91,[9,12]
92,[8,12]
93,[7,12]
94,[6,12]
95,[5,12]
96,[4,12]
97,[3,12]
98,[3,11]
99,[3,10]
100,[3,11]
101,[3,12]
102,[4,12]
103,[5,12]
104,[6,12]
105,[7,12]
106,[8,12]
107,[9,12]
108,[9,11]
109,[9,10]
110,[8,10]
111,[7,10]
112,[7,9]
113,[7,8]
114,[7,7]
115,[7,8]
116,[7,9]
117,[7,10]
118,[8,10]
119,[9,10]
120,[9,11]
121,[9,12]
122,[8,12]
123,[7,12]
124,[6,12]
125,[5,12]
126,[4,12]
127,[3,12]
128,[3,11]
129,[3,10]
130,[3,11]
131,[3,12]
132,[4,12]
133,[5,12]
134,[6,12]
135,[7,12]
136,[8,12]
137,[9,12]
138,[9,11]
139,[9,10]
140,[8,10]
141,[7,10]
142,[7,9]
143,[7,8]
144,[7,7]
145,[7,8]
146,[7,9]
147,[8,9]
148,[7,9]
149,[7,8]
150,[7,7]
