//Quantitative values
215	//Makespan
215	//Mission completion time hauler 1
50	//Application execution time (in millisecond)
//Path to the final points
0,[7,4]
1,[6,4]
2,[5,4]
3,[5,3]
4,[5,2]
5,[5,1]
6,[4,1]
7,[3,1]
8,[2,1]
9,[1,1]
10,[1,2]
11,[1,3]
12,[1,2]
13,[1,1]
14,[2,1]
15,[3,1]
16,[4,1]
17,[5,1]
18,[5,2]
19,[5,3]
20,[5,4]
21,[6,4]
22,[7,4]
23,[7,5]
24,[7,6]
25,[7,7]
26,[7,8]
27,[7,9]
28,[8,9]
29,[9,9]
30,[8,9]
31,[7,9]
32,[7,8]
33,[7,7]
34,[7,6]
35,[7,5]
36,[7,4]
37,[6,4]
38,[5,4]
39,[5,3]
40,[5,2]
41,[5,1]
42,[4,1]
43,[3,1]
44,[2,1]
45,[1,1]
46,[1,2]
47,[1,3]
48,[1,4]
49,[1,5]
50,[1,6]
51,[1,7]
52,[1,8]
53,[1,9]
54,[1,10]
55,[1,11]
56,[2,11]
57,[1,11]
58,[1,10]
59,[1,9]
60,[1,8]
61,[1,7]
62,[1,6]
63,[1,5]
64,[1,4]
65,[1,3]
66,[1,2]
67,[1,3]
68,[1,4]
69,[1,5]
70,[1,6]
71,[1,7]
72,[1,8]
73,[1,9]
74,[1,10]
75,[1,11]
76,[2,11]
77,[1,11]
78,[1,10]
79,[1,9]
80,[1,8]
81,[1,7]
82,[1,6]
83,[1,5]
84,[1,4]
85,[1,3]
86,[1,2]
87,[1,1]
88,[2,1]
89,[3,1]
90,[4,1]
91,[5,1]
92,[5,2]
93,[5,3]
94,[5,4]
95,[6,4]
96,[7,4]
97,[7,5]
98,[7,6]
99,[7,7]
100,[7,8]
101,[7,9]
102,[7,10]
103,[8,10]
104,[9,10]
105,[9,11]
106,[9,12]
107,[10,12]
108,[11,12]
109,[12,12]
110,[11,12]
111,[10,12]
112,[9,12]
113,[9,11]
114,[9,10]
115,[8,10]
116,[7,10]
117,[7,9]
118,[7,8]
119,[7,7]
120,[7,6]
121,[7,5]
122,[7,4]
123,[6,4]
124,[5,4]
125,[5,3]
126,[5,2]
127,[5,1]
128,[4,1]
129,[3,1]
130,[2,1]
131,[3,1]
132,[4,1]
133,[5,1]
134,[5,2]
135,[5,3]
136,[5,4]
137,[6,4]
138,[7,4]
139,[7,5]
140,[7,6]
141,[7,7]
142,[7,8]
143,[7,9]
144,[7,10]
145,[8,10]
146,[9,10]
147,[10,10]
148,[11,10]
149,[12,10]
150,[11,10]
151,[10,10]
152,[9,10]
153,[8,10]
154,[7,10]
155,[7,9]
156,[7,8]
157,[7,7]
158,[7,6]
159,[7,5]
160,[7,4]
161,[6,4]
162,[5,4]
163,[5,3]
164,[5,2]
165,[5,1]
166,[4,1]
167,[3,1]
168,[2,1]
169,[1,1]
170,[1,2]
171,[1,3]
172,[1,2]
173,[1,1]
174,[2,1]
175,[3,1]
176,[4,1]
177,[5,1]
178,[5,2]
179,[5,3]
180,[5,4]
181,[6,4]
182,[7,4]
183,[7,5]
184,[7,6]
185,[7,7]
186,[7,8]
187,[7,9]
188,[7,10]
189,[8,10]
190,[9,10]
191,[9,11]
192,[9,12]
193,[10,12]
194,[11,12]
195,[12,12]
196,[11,12]
197,[10,12]
198,[9,12]
199,[9,11]
200,[9,10]
201,[9,9]
202,[9,10]
203,[10,10]
204,[11,10]
205,[12,10]
206,[11,10]
207,[10,10]
208,[9,10]
209,[8,10]
210,[7,10]
211,[7,9]
212,[7,8]
213,[7,7]
214,[7,6]
215,[7,5]
