//Quantitative values
143	//Makespan
143	//Mission completion time hauler 1
20	//Application execution time (in millisecond)
//Path to the final points
0,[5,2]
1,[6,2]
2,[7,2]
3,[8,2]
4,[9,2]
5,[10,2]
6,[11,2]
7,[10,2]
8,[9,2]
9,[8,2]
10,[7,2]
11,[6,2]
12,[5,2]
13,[5,3]
14,[5,4]
15,[5,5]
16,[4,5]
17,[3,5]
18,[3,6]
19,[3,7]
20,[3,8]
21,[3,9]
22,[3,10]
23,[3,11]
24,[3,12]
25,[3,11]
26,[4,11]
27,[5,11]
28,[6,11]
29,[7,11]
30,[8,11]
31,[9,11]
32,[10,11]
33,[11,11]
34,[10,11]
35,[9,11]
36,[8,11]
37,[7,11]
38,[6,11]
39,[5,11]
40,[4,11]
41,[3,11]
42,[3,12]
43,[3,11]
44,[3,10]
45,[3,9]
46,[3,8]
47,[3,7]
48,[3,6]
49,[3,5]
50,[3,4]
51,[3,3]
52,[4,3]
53,[5,3]
54,[6,3]
55,[7,3]
56,[7,2]
57,[7,1]
58,[8,1]
59,[7,1]
60,[6,1]
61,[5,1]
62,[5,2]
63,[5,3]
64,[5,4]
65,[5,5]
66,[5,4]
67,[5,3]
68,[5,2]
69,[6,2]
70,[7,2]
71,[8,2]
72,[9,2]
73,[10,2]
74,[11,2]
75,[10,2]
76,[9,2]
77,[8,2]
78,[7,2]
79,[7,3]
80,[7,2]
81,[8,2]
82,[9,2]
83,[10,2]
84,[11,2]
85,[11,3]
86,[11,4]
87,[11,5]
88,[11,6]
89,[11,7]
90,[11,8]
91,[11,9]
92,[11,10]
93,[11,11]
94,[11,10]
95,[11,9]
96,[11,8]
97,[11,7]
98,[11,6]
99,[11,5]
100,[11,4]
101,[11,3]
102,[11,2]
103,[10,2]
104,[9,2]
105,[8,2]
106,[7,2]
107,[7,3]
108,[7,2]
109,[8,2]
110,[9,2]
111,[10,2]
112,[11,2]
113,[10,2]
114,[9,2]
115,[8,2]
116,[7,2]
117,[7,3]
118,[6,3]
119,[5,3]
120,[4,3]
121,[3,3]
122,[3,4]
123,[3,5]
124,[3,6]
125,[3,7]
126,[3,8]
127,[3,9]
128,[3,10]
129,[3,11]
130,[3,12]
131,[3,11]
132,[3,10]
133,[3,9]
134,[3,8]
135,[3,7]
136,[3,6]
137,[3,5]
138,[3,4]
139,[3,3]
140,[4,3]
141,[5,3]
142,[6,3]
143,[7,3]
