//Quantitative values
39	//Makespan
39	//Mission completion time hauler 1
33	//Application execution time (in millisecond)
//Path to the final points
0,[8,9]
1,[8,8]
2,[8,7]
3,[8,6]
4,[8,5]
5,[8,4]
6,[8,3]
7,[7,3]
8,[6,3]
9,[6,2]
10,[5,2]
11,[5,3]
12,[5,4]
13,[5,5]
14,[5,4]
15,[5,3]
16,[5,2]
17,[6,2]
18,[5,2]
19,[5,3]
20,[5,4]
21,[5,5]
22,[5,6]
23,[5,7]
24,[6,7]
25,[7,7]
26,[7,6]
27,[7,5]
28,[7,4]
29,[7,3]
30,[8,3]
31,[7,3]
32,[6,3]
33,[6,2]
34,[6,3]
35,[7,3]
36,[8,3]
37,[7,3]
38,[6,3]
39,[6,2]
