//Quantitative values
107	//Makespan
107	//Mission completion time hauler 1
10	//Application execution time (in millisecond)
//Path to the final points
0,[5,4]
1,[4,4]
2,[3,4]
3,[2,4]
4,[2,3]
5,[2,2]
6,[2,1]
7,[1,1]
8,[2,1]
9,[2,2]
10,[2,3]
11,[2,4]
12,[3,4]
13,[3,5]
14,[3,6]
15,[4,6]
16,[5,6]
17,[6,6]
18,[7,6]
19,[8,6]
20,[7,6]
21,[6,6]
22,[6,7]
23,[6,8]
24,[6,9]
25,[6,10]
26,[6,11]
27,[6,12]
28,[6,11]
29,[6,10]
30,[6,9]
31,[6,8]
32,[6,7]
33,[6,6]
34,[6,5]
35,[6,4]
36,[7,4]
37,[8,4]
38,[9,4]
39,[10,4]
40,[11,4]
41,[10,4]
42,[9,4]
43,[8,4]
44,[7,4]
45,[6,4]
46,[6,5]
47,[6,6]
48,[6,7]
49,[6,8]
50,[6,9]
51,[6,10]
52,[6,11]
53,[6,12]
54,[6,11]
55,[6,10]
56,[6,9]
57,[6,8]
58,[6,7]
59,[6,6]
60,[7,6]
61,[8,6]
62,[8,5]
63,[9,5]
64,[10,5]
65,[11,5]
66,[10,5]
67,[9,5]
68,[8,5]
69,[8,4]
70,[7,4]
71,[6,4]
72,[5,4]
73,[4,4]
74,[3,4]
75,[3,3]
76,[3,2]
77,[3,1]
78,[3,2]
79,[3,3]
80,[3,4]
81,[3,5]
82,[3,6]
83,[4,6]
84,[5,6]
85,[6,6]
86,[7,6]
87,[8,6]
88,[7,6]
89,[6,6]
90,[6,7]
91,[6,8]
92,[6,9]
93,[6,10]
94,[6,11]
95,[6,12]
96,[6,11]
97,[6,10]
98,[6,9]
99,[6,8]
100,[6,7]
101,[6,6]
102,[7,6]
103,[8,6]
104,[8,5]
105,[9,5]
106,[10,5]
107,[11,5]
