//Quantitative values
61	//Makespan
61	//Mission completion time hauler 1
19	//Application execution time (in millisecond)
//Path to the final points
0,[1,4]
1,[1,5]
2,[1,6]
3,[1,7]
4,[1,8]
5,[2,8]
6,[2,9]
7,[3,9]
8,[4,9]
9,[3,9]
10,[2,9]
11,[2,8]
12,[2,7]
13,[2,6]
14,[2,5]
15,[2,4]
16,[2,3]
17,[2,2]
18,[2,1]
19,[3,1]
20,[4,1]
21,[5,1]
22,[6,1]
23,[5,1]
24,[4,1]
25,[3,1]
26,[2,1]
27,[2,2]
28,[2,3]
29,[2,2]
30,[2,1]
31,[3,1]
32,[4,1]
33,[5,1]
34,[6,1]
35,[5,1]
36,[4,1]
37,[4,2]
38,[4,3]
39,[4,4]
40,[4,5]
41,[4,6]
42,[4,7]
43,[4,8]
44,[4,9]
45,[4,8]
46,[4,7]
47,[4,6]
48,[4,5]
49,[4,4]
50,[4,3]
51,[4,2]
52,[4,3]
53,[4,4]
54,[4,5]
55,[4,6]
56,[4,7]
57,[4,8]
58,[4,9]
59,[3,9]
60,[2,9]
61,[2,8]
