//Quantitative values
95	//Makespan
95	//Mission completion time hauler 1
27	//Application execution time (in millisecond)
//Path to the final points
0,[4,8]
1,[5,8]
2,[5,7]
3,[6,7]
4,[7,7]
5,[8,7]
6,[9,7]
7,[8,7]
8,[7,7]
9,[6,7]
10,[5,7]
11,[5,6]
12,[5,5]
13,[4,5]
14,[3,5]
15,[2,5]
16,[2,6]
17,[2,7]
18,[2,6]
19,[2,5]
20,[2,4]
21,[2,3]
22,[2,2]
23,[2,1]
24,[3,1]
25,[4,1]
26,[5,1]
27,[6,1]
28,[7,1]
29,[8,1]
30,[7,1]
31,[6,1]
32,[5,1]
33,[4,1]
34,[3,1]
35,[2,1]
36,[2,2]
37,[2,3]
38,[2,4]
39,[2,5]
40,[2,6]
41,[2,7]
42,[2,8]
43,[2,9]
44,[2,10]
45,[3,10]
46,[3,11]
47,[3,12]
48,[4,12]
49,[5,12]
50,[6,12]
51,[7,12]
52,[8,12]
53,[9,12]
54,[10,12]
55,[9,12]
56,[8,12]
57,[7,12]
58,[6,12]
59,[5,12]
60,[4,12]
61,[3,12]
62,[3,11]
63,[3,10]
64,[2,10]
65,[2,9]
66,[2,8]
67,[2,7]
68,[2,6]
69,[2,5]
70,[3,5]
71,[4,5]
72,[5,5]
73,[5,6]
74,[5,7]
75,[5,8]
76,[4,8]
77,[4,9]
78,[4,10]
79,[4,11]
80,[4,12]
81,[4,11]
82,[4,10]
83,[4,9]
84,[4,8]
85,[5,8]
86,[5,7]
87,[5,6]
88,[5,5]
89,[5,4]
90,[5,3]
91,[5,2]
92,[5,1]
93,[6,1]
94,[7,1]
95,[8,1]
