//Quantitative values
104	//Makespan
104	//Mission completion time hauler 1
27	//Application execution time (in millisecond)
//Path to the final points
0,[7,3]
1,[6,3]
2,[5,3]
3,[4,3]
4,[3,3]
5,[2,3]
6,[1,3]
7,[1,4]
8,[1,5]
9,[1,6]
10,[1,7]
11,[1,6]
12,[1,5]
13,[1,4]
14,[2,4]
15,[3,4]
16,[4,4]
17,[3,4]
18,[2,4]
19,[2,5]
20,[2,6]
21,[2,7]
22,[2,8]
23,[2,9]
24,[2,10]
25,[2,11]
26,[3,11]
27,[3,12]
28,[4,12]
29,[5,12]
30,[4,12]
31,[3,12]
32,[3,11]
33,[2,11]
34,[2,10]
35,[2,9]
36,[2,8]
37,[2,7]
38,[1,7]
39,[1,6]
40,[1,5]
41,[1,6]
42,[1,7]
43,[2,7]
44,[2,8]
45,[2,9]
46,[2,10]
47,[2,11]
48,[3,11]
49,[3,12]
50,[4,12]
51,[5,12]
52,[6,12]
53,[7,12]
54,[8,12]
55,[7,12]
56,[6,12]
57,[5,12]
58,[4,12]
59,[3,12]
60,[3,11]
61,[2,11]
62,[2,10]
63,[2,9]
64,[2,8]
65,[2,7]
66,[1,7]
67,[1,6]
68,[1,5]
69,[2,5]
70,[3,5]
71,[4,5]
72,[5,5]
73,[6,5]
74,[7,5]
75,[8,5]
76,[9,5]
77,[9,4]
78,[10,4]
79,[11,4]
80,[12,4]
81,[11,4]
82,[10,4]
83,[9,4]
84,[9,5]
85,[8,5]
86,[7,5]
87,[6,5]
88,[5,5]
89,[4,5]
90,[3,5]
91,[2,5]
92,[1,5]
93,[2,5]
94,[3,5]
95,[4,5]
96,[5,5]
97,[6,5]
98,[7,5]
99,[8,5]
100,[9,5]
101,[9,4]
102,[10,4]
103,[11,4]
104,[12,4]
