//Quantitative values
92	//Makespan
49	//Mission completion time hauler 1
92	//Mission completion time hauler 2
49	//Mission completion time hauler 3
31	//Application execution time (in millisecond)
//Path to the final points
0,[4,7],[8,8],[7,5]
1,[4,8],[8,9],[6,5]
2,[4,9],[9,9],[5,5]
3,[5,9],[8,9],[4,5]
4,[6,9],[7,9],[3,5]
5,[7,9],[7,8],[3,6]
6,[8,9],[7,7],[3,7]
7,[9,9],[7,6],[3,8]
8,[8,9],[7,5],[3,9]
9,[7,9],[7,4],[3,10]
10,[6,9],[7,3],[4,10]
11,[5,9],[7,2],[5,10]
12,[5,10],[7,1],[5,9]
13,[5,9],[7,2],[5,10]
14,[4,9],[7,3],[5,9]
15,[3,9],[7,4],[6,9]
16,[3,8],[7,5],[7,9]
17,[2,8],[7,6],[8,9]
18,[1,8],[7,7],[9,9]
19,[2,8],[7,8],[8,9]
20,[3,8],[7,9],[7,9]
21,[3,9],[8,9],[7,8]
22,[3,10],[9,9],[7,7]
23,[3,11],[8,9],[7,6]
24,[4,11],[7,9],[7,5]
25,[5,11],[7,8],[7,4]
26,[6,11],[7,7],[7,3]
27,[7,11],[7,6],[7,2]
28,[6,11],[7,5],[7,1]
29,[5,11],[7,4],[6,1]
30,[5,10],[7,3],[5,1]
31,[5,11],[7,2],[4,1]
32,[6,11],[7,1],[3,1]
33,[7,11],[7,2],[3,2]
34,[6,11],[7,3],[3,3]
35,[5,11],[7,4],[3,4]
36,[5,10],[7,5],[3,5]
37,[5,11],[7,6],[3,6]
38,[6,11],[7,7],[3,7]
39,[7,11],[7,8],[2,7]
40,[7,10],[7,9],[1,7]
41,[7,9],[7,10],[1,8]
42,[7,8],[7,11],[1,7]
43,[7,7],[6,11],[2,7]
44,[7,6],[5,11],[3,7]
45,[7,5],[5,10],[3,8]
46,[7,4],[5,9],[3,9]
47,[7,3],[5,8],[3,10]
48,[7,2],[5,7],[4,10]
49,[7,1],[5,6],[5,10]
50,[7,1],[5,5],[5,10]
51,[7,1],[5,4],[5,10]
52,[7,1],[5,3],[5,10]
53,[7,1],[5,2],[5,10]
54,[7,1],[5,3],[5,10]
55,[7,1],[5,4],[5,10]
56,[7,1],[5,5],[5,10]
57,[7,1],[5,6],[5,10]
58,[7,1],[5,7],[5,10]
59,[7,1],[5,8],[5,10]
60,[7,1],[5,9],[5,10]
61,[7,1],[5,10],[5,10]
62,[7,1],[5,11],[5,10]
63,[7,1],[6,11],[5,10]
64,[7,1],[7,11],[5,10]
65,[7,1],[6,11],[5,10]
66,[7,1],[5,11],[5,10]
67,[7,1],[4,11],[5,10]
68,[7,1],[3,11],[5,10]
69,[7,1],[3,10],[5,10]
70,[7,1],[3,9],[5,10]
71,[7,1],[3,8],[5,10]
72,[7,1],[2,8],[5,10]
73,[7,1],[1,8],[5,10]
74,[7,1],[2,8],[5,10]
75,[7,1],[3,8],[5,10]
76,[7,1],[3,9],[5,10]
77,[7,1],[4,9],[5,10]
78,[7,1],[5,9],[5,10]
79,[7,1],[6,9],[5,10]
80,[7,1],[7,9],[5,10]
81,[7,1],[8,9],[5,10]
82,[7,1],[9,9],[5,10]
83,[7,1],[8,9],[5,10]
84,[7,1],[7,9],[5,10]
85,[7,1],[7,8],[5,10]
86,[7,1],[7,7],[5,10]
87,[7,1],[7,6],[5,10]
88,[7,1],[7,5],[5,10]
89,[7,1],[7,4],[5,10]
90,[7,1],[7,3],[5,10]
91,[7,1],[7,2],[5,10]
92,[7,1],[7,1],[5,10]
