//Quantitative values
54	//Makespan
54	//Mission completion time hauler 1
7	//Application execution time (in millisecond)
//Path to the final points
0,[4,8]
1,[4,7]
2,[4,6]
3,[4,5]
4,[5,5]
5,[4,5]
6,[3,5]
7,[2,5]
8,[2,6]
9,[2,7]
10,[2,8]
11,[2,9]
12,[2,10]
13,[2,11]
14,[2,12]
15,[3,12]
16,[4,12]
17,[5,12]
18,[6,12]
19,[7,12]
20,[8,12]
21,[9,12]
22,[10,12]
23,[9,12]
24,[8,12]
25,[7,12]
26,[6,12]
27,[5,12]
28,[4,12]
29,[3,12]
30,[2,12]
31,[2,11]
32,[2,10]
33,[2,9]
34,[2,8]
35,[2,7]
36,[2,6]
37,[2,5]
38,[2,4]
39,[2,3]
40,[2,2]
41,[2,1]
42,[3,1]
43,[4,1]
44,[5,1]
45,[6,1]
46,[7,1]
47,[8,1]
48,[8,2]
49,[8,3]
50,[8,4]
51,[8,5]
52,[8,6]
53,[8,7]
54,[9,7]
