//Quantitative values
71	//Makespan
52	//Mission completion time hauler 1
71	//Mission completion time hauler 2
60	//Mission completion time hauler 3
51	//Application execution time (in millisecond)
//Path to the final points
0,[7,3],[7,8],[3,10]
1,[6,3],[7,9],[3,9]
2,[5,3],[7,10],[3,8]
3,[4,3],[7,11],[3,7]
4,[3,3],[7,12],[3,6]
5,[2,3],[8,12],[3,5]
6,[1,3],[7,12],[3,4]
7,[1,4],[6,12],[4,4]
8,[1,5],[5,12],[3,4]
9,[1,6],[4,12],[2,4]
10,[1,7],[3,12],[1,4]
11,[2,7],[3,11],[1,5]
12,[2,8],[2,11],[1,6]
13,[2,9],[2,10],[1,7]
14,[2,10],[2,9],[2,7]
15,[2,11],[2,8],[2,7]
16,[3,11],[2,7],[2,8]
17,[3,12],[2,6],[2,9]
18,[4,12],[2,5],[2,10]
19,[5,12],[3,5],[2,11]
20,[6,12],[4,5],[3,11]
21,[7,12],[5,5],[3,12]
22,[8,12],[6,5],[4,12]
23,[7,12],[7,5],[5,12]
24,[6,12],[8,5],[4,12]
25,[5,12],[9,5],[3,12]
26,[4,12],[9,4],[3,11]
27,[3,12],[10,4],[2,11]
28,[3,11],[11,4],[2,10]
29,[2,11],[12,4],[2,9]
30,[2,10],[11,4],[2,8]
31,[2,9],[10,4],[2,7]
32,[2,8],[9,4],[1,7]
33,[2,7],[9,5],[1,6]
34,[1,7],[8,5],[1,5]
35,[2,7],[7,5],[2,5]
36,[2,8],[6,5],[3,5]
37,[2,9],[5,5],[4,5]
38,[2,10],[4,5],[5,5]
39,[2,11],[3,5],[6,5]
40,[3,11],[2,5],[7,5]
41,[3,12],[1,5],[8,5]
42,[4,12],[1,6],[9,5]
43,[5,12],[1,7],[9,4]
44,[5,11],[1,6],[10,4]
45,[4,11],[1,5],[11,4]
46,[4,10],[2,5],[12,4]
47,[4,9],[3,5],[11,4]
48,[4,8],[4,5],[10,4]
49,[4,7],[5,5],[9,4]
50,[4,6],[6,5],[9,5]
51,[4,5],[7,5],[8,5]
52,[4,4],[8,5],[7,5]
53,[4,4],[9,5],[6,5]
54,[4,4],[9,4],[5,5]
55,[4,4],[10,4],[4,5]
56,[4,4],[11,4],[3,5]
57,[4,4],[12,4],[2,5]
58,[4,4],[11,4],[2,6]
59,[4,4],[10,4],[2,7]
60,[4,4],[9,4],[2,8]
61,[4,4],[9,5],[2,8]
62,[4,4],[8,5],[2,8]
63,[4,4],[7,5],[2,8]
64,[4,4],[6,5],[2,8]
65,[4,4],[5,5],[2,8]
66,[4,4],[4,5],[2,8]
67,[4,4],[3,5],[2,8]
68,[4,4],[2,5],[2,8]
69,[4,4],[1,5],[2,8]
70,[4,4],[1,6],[2,8]
71,[4,4],[1,7],[2,8]
