//Quantitative values
49	//Makespan
49	//Mission completion time hauler 1
9	//Application execution time (in millisecond)
//Path to the final points
0,[5,3]
1,[5,4]
2,[5,5]
3,[5,6]
4,[5,7]
5,[5,8]
6,[5,9]
7,[5,10]
8,[6,10]
9,[7,10]
10,[6,10]
11,[5,10]
12,[5,11]
13,[5,12]
14,[6,12]
15,[7,12]
16,[8,12]
17,[9,12]
18,[10,12]
19,[11,12]
20,[11,11]
21,[11,10]
22,[11,9]
23,[11,8]
24,[11,7]
25,[11,6]
26,[11,5]
27,[11,4]
28,[11,3]
29,[11,2]
30,[11,1]
31,[12,1]
32,[11,1]
33,[10,1]
34,[9,1]
35,[8,1]
36,[7,1]
37,[7,2]
38,[7,3]
39,[7,4]
40,[7,5]
41,[7,6]
42,[6,6]
43,[5,6]
44,[5,7]
45,[5,8]
46,[5,9]
47,[5,10]
48,[5,11]
49,[5,12]
