//Quantitative values
53	//Makespan
41	//Mission completion time hauler 1
42	//Mission completion time hauler 2
53	//Mission completion time hauler 3
51	//Application execution time (in millisecond)
//Path to the final points
0,[4,7],[8,8],[7,5]
1,[4,8],[7,8],[7,6]
2,[4,9],[6,8],[7,7]
3,[4,10],[5,8],[7,8]
4,[5,10],[5,9],[7,9]
5,[5,9],[5,10],[8,9]
6,[4,9],[5,9],[9,9]
7,[3,9],[4,9],[8,9]
8,[3,8],[3,9],[7,9]
9,[2,8],[3,8],[7,8]
10,[1,8],[2,8],[7,7]
11,[2,8],[1,8],[7,6]
12,[3,8],[2,8],[7,5]
13,[3,9],[3,8],[7,4]
14,[3,10],[3,9],[7,3]
15,[3,11],[3,10],[7,2]
16,[4,11],[3,11],[7,1]
17,[5,11],[4,11],[7,2]
18,[6,11],[5,11],[7,3]
19,[7,11],[6,11],[7,4]
20,[6,11],[7,11],[7,5]
21,[5,11],[6,11],[7,6]
22,[5,10],[5,11],[7,7]
23,[5,9],[5,10],[7,8]
24,[5,8],[5,9],[7,9]
25,[5,7],[5,8],[7,10]
26,[5,6],[5,7],[7,11]
27,[5,5],[5,6],[6,11]
28,[5,4],[5,5],[5,11]
29,[5,3],[5,4],[4,11]
30,[5,2],[5,3],[3,11]
31,[5,3],[5,2],[3,10]
32,[5,4],[5,3],[3,9]
33,[5,5],[5,4],[3,8]
34,[5,6],[5,5],[2,8]
35,[5,7],[5,6],[1,8]
36,[5,8],[5,7],[2,8]
37,[5,9],[5,8],[3,8]
38,[6,9],[5,9],[3,9]
39,[7,9],[5,10],[3,10]
40,[8,9],[5,11],[3,11]
41,[9,9],[6,11],[4,11]
42,[9,9],[7,11],[5,11]
43,[9,9],[7,11],[6,11]
44,[9,9],[7,11],[7,11]
45,[9,9],[7,11],[6,11]
46,[9,9],[7,11],[5,11]
47,[9,9],[7,11],[4,11]
48,[9,9],[7,11],[3,11]
49,[9,9],[7,11],[3,10]
50,[9,9],[7,11],[3,9]
51,[9,9],[7,11],[3,8]
52,[9,9],[7,11],[2,8]
53,[9,9],[7,11],[1,8]
