//Quantitative values
48	//Makespan
48	//Mission completion time hauler 1
17	//Application execution time (in millisecond)
//Path to the final points
0,[1,11]
1,[1,10]
2,[1,9]
3,[1,8]
4,[1,7]
5,[2,7]
6,[2,6]
7,[2,5]
8,[1,5]
9,[1,4]
10,[1,5]
11,[2,5]
12,[2,6]
13,[2,7]
14,[2,8]
15,[2,9]
16,[3,9]
17,[4,9]
18,[5,9]
19,[6,9]
20,[7,9]
21,[8,9]
22,[9,9]
23,[8,9]
24,[7,9]
25,[6,9]
26,[5,9]
27,[4,9]
28,[3,9]
29,[2,9]
30,[2,8]
31,[2,7]
32,[2,6]
33,[2,5]
34,[1,5]
35,[1,4]
36,[2,4]
37,[3,4]
38,[4,4]
39,[5,4]
40,[6,4]
41,[5,4]
42,[4,4]
43,[3,4]
44,[2,4]
45,[3,4]
46,[4,4]
47,[5,4]
48,[6,4]
