//Quantitative values
124	//Makespan
124	//Mission completion time hauler 1
20	//Application execution time (in millisecond)
//Path to the final points
0,[3,8]
1,[3,9]
2,[3,10]
3,[4,10]
4,[5,10]
5,[5,9]
6,[5,8]
7,[5,7]
8,[6,7]
9,[7,7]
10,[8,7]
11,[9,7]
12,[10,7]
13,[11,7]
14,[10,7]
15,[9,7]
16,[8,7]
17,[7,7]
18,[6,7]
19,[6,6]
20,[6,5]
21,[6,4]
22,[6,3]
23,[6,2]
24,[6,1]
25,[7,1]
26,[8,1]
27,[9,1]
28,[10,1]
29,[11,1]
30,[10,1]
31,[9,1]
32,[9,2]
33,[9,3]
34,[9,4]
35,[9,5]
36,[9,6]
37,[9,7]
38,[9,8]
39,[9,9]
40,[9,8]
41,[9,7]
42,[10,7]
43,[11,7]
44,[10,7]
45,[9,7]
46,[8,7]
47,[7,7]
48,[6,7]
49,[6,6]
50,[6,7]
51,[6,8]
52,[6,9]
53,[6,10]
54,[7,10]
55,[8,10]
56,[9,10]
57,[10,10]
58,[9,10]
59,[9,9]
60,[9,10]
61,[10,10]
62,[9,10]
63,[8,10]
64,[7,10]
65,[6,10]
66,[6,9]
67,[6,8]
68,[6,7]
69,[6,6]
70,[6,7]
71,[6,8]
72,[6,9]
73,[6,10]
74,[7,10]
75,[8,10]
76,[9,10]
77,[10,10]
78,[9,10]
79,[8,10]
80,[7,10]
81,[6,10]
82,[5,10]
83,[4,10]
84,[3,10]
85,[3,11]
86,[3,12]
87,[3,11]
88,[3,10]
89,[4,10]
90,[5,10]
91,[5,9]
92,[5,8]
93,[5,7]
94,[5,6]
95,[5,5]
96,[5,4]
97,[5,3]
98,[5,2]
99,[5,1]
100,[6,1]
101,[7,1]
102,[8,1]
103,[9,1]
104,[10,1]
105,[11,1]
106,[10,1]
107,[9,1]
108,[8,1]
109,[7,1]
110,[6,1]
111,[5,1]
112,[5,2]
113,[5,3]
114,[5,4]
115,[5,5]
116,[5,6]
117,[5,7]
118,[5,8]
119,[5,9]
120,[5,10]
121,[4,10]
122,[3,10]
123,[3,11]
124,[3,12]
