//Quantitative values
133	//Makespan
133	//Mission completion time hauler 1
20	//Application execution time (in millisecond)
//Path to the final points
0,[7,9]
1,[7,10]
2,[6,10]
3,[5,10]
4,[4,10]
5,[3,10]
6,[3,11]
7,[3,10]
8,[4,10]
9,[5,10]
10,[6,10]
11,[7,10]
12,[8,10]
13,[9,10]
14,[9,9]
15,[9,8]
16,[9,7]
17,[9,6]
18,[9,5]
19,[8,5]
20,[8,4]
21,[8,3]
22,[7,3]
23,[7,4]
24,[7,5]
25,[7,6]
26,[7,7]
27,[7,8]
28,[7,9]
29,[7,10]
30,[7,9]
31,[7,8]
32,[7,7]
33,[7,6]
34,[7,5]
35,[7,4]
36,[7,3]
37,[7,2]
38,[7,1]
39,[8,1]
40,[9,1]
41,[8,1]
42,[7,1]
43,[7,2]
44,[7,3]
45,[7,4]
46,[7,5]
47,[7,6]
48,[7,7]
49,[7,8]
50,[7,9]
51,[7,10]
52,[7,11]
53,[6,11]
54,[5,11]
55,[4,11]
56,[3,11]
57,[4,11]
58,[5,11]
59,[6,11]
60,[7,11]
61,[7,10]
62,[7,9]
63,[7,8]
64,[7,7]
65,[7,6]
66,[7,5]
67,[7,4]
68,[7,3]
69,[7,2]
70,[7,1]
71,[8,1]
72,[9,1]
73,[9,2]
74,[9,3]
75,[9,4]
76,[9,5]
77,[9,6]
78,[9,5]
79,[9,4]
80,[9,3]
81,[9,2]
82,[9,1]
83,[9,2]
84,[9,3]
85,[9,4]
86,[9,5]
87,[9,6]
88,[9,7]
89,[9,8]
90,[9,9]
91,[9,10]
92,[8,10]
93,[7,10]
94,[6,10]
95,[5,10]
96,[4,10]
97,[3,10]
98,[3,11]
99,[3,10]
100,[3,9]
101,[3,8]
102,[3,7]
103,[4,7]
104,[5,7]
105,[6,7]
106,[7,7]
107,[8,7]
108,[9,7]
109,[9,6]
110,[9,7]
111,[8,7]
112,[7,7]
113,[6,7]
114,[5,7]
115,[4,7]
116,[3,7]
117,[3,8]
118,[3,9]
119,[3,10]
120,[3,11]
121,[3,10]
122,[4,10]
123,[5,10]
124,[6,10]
125,[7,10]
126,[7,9]
127,[7,8]
128,[7,7]
129,[7,6]
130,[7,5]
131,[7,4]
132,[7,3]
133,[8,3]
