//Quantitative values
92	//Makespan
92	//Mission completion time hauler 1
33	//Application execution time (in millisecond)
//Path to the final points
0,[6,2]
1,[5,2]
2,[4,2]
3,[4,3]
4,[4,4]
5,[4,5]
6,[3,5]
7,[3,6]
8,[3,7]
9,[3,8]
10,[3,9]
11,[2,9]
12,[2,10]
13,[2,11]
14,[2,12]
15,[3,12]
16,[4,12]
17,[5,12]
18,[6,12]
19,[7,12]
20,[6,12]
21,[5,12]
22,[4,12]
23,[3,12]
24,[2,12]
25,[2,11]
26,[2,10]
27,[2,9]
28,[2,10]
29,[2,11]
30,[2,12]
31,[3,12]
32,[4,12]
33,[5,12]
34,[6,12]
35,[7,12]
36,[6,12]
37,[5,12]
38,[4,12]
39,[3,12]
40,[2,12]
41,[2,11]
42,[2,10]
43,[2,9]
44,[2,10]
45,[2,11]
46,[2,12]
47,[3,12]
48,[4,12]
49,[5,12]
50,[6,12]
51,[7,12]
52,[7,11]
53,[8,11]
54,[9,11]
55,[10,11]
56,[11,11]
57,[12,11]
58,[11,11]
59,[10,11]
60,[9,11]
61,[8,11]
62,[7,11]
63,[6,11]
64,[5,11]
65,[4,11]
66,[4,10]
67,[4,9]
68,[4,8]
69,[4,7]
70,[4,6]
71,[4,5]
72,[4,4]
73,[4,3]
74,[4,2]
75,[4,3]
76,[4,4]
77,[4,5]
78,[3,5]
79,[3,6]
80,[3,7]
81,[3,8]
82,[3,9]
83,[2,9]
84,[3,9]
85,[3,8]
86,[3,7]
87,[3,6]
88,[3,5]
89,[4,5]
90,[4,4]
91,[4,3]
92,[4,2]
