//Quantitative values
93	//Makespan
93	//Mission completion time hauler 1
13	//Application execution time (in millisecond)
//Path to the final points
0,[9,1]
1,[8,1]
2,[7,1]
3,[6,1]
4,[5,1]
5,[5,2]
6,[5,3]
7,[5,4]
8,[5,5]
9,[5,6]
10,[5,7]
11,[5,8]
12,[5,9]
13,[5,10]
14,[5,11]
15,[5,12]
16,[6,12]
17,[7,12]
18,[8,12]
19,[9,12]
20,[10,12]
21,[9,12]
22,[8,12]
23,[7,12]
24,[6,12]
25,[5,12]
26,[4,12]
27,[3,12]
28,[2,12]
29,[2,11]
30,[2,10]
31,[2,9]
32,[2,10]
33,[2,11]
34,[2,12]
35,[3,12]
36,[4,12]
37,[5,12]
38,[6,12]
39,[7,12]
40,[8,12]
41,[9,12]
42,[10,12]
43,[9,12]
44,[8,12]
45,[7,12]
46,[6,12]
47,[5,12]
48,[4,12]
49,[3,12]
50,[2,12]
51,[2,11]
52,[2,10]
53,[2,9]
54,[2,10]
55,[2,11]
56,[2,12]
57,[3,12]
58,[4,12]
59,[5,12]
60,[6,12]
61,[7,12]
62,[8,12]
63,[9,12]
64,[10,12]
65,[9,12]
66,[8,12]
67,[7,12]
68,[6,12]
69,[5,12]
70,[5,11]
71,[5,10]
72,[5,9]
73,[5,8]
74,[5,9]
75,[5,10]
76,[5,11]
77,[5,12]
78,[6,12]
79,[7,12]
80,[8,12]
81,[9,12]
82,[10,12]
83,[9,12]
84,[8,12]
85,[7,12]
86,[6,12]
87,[5,12]
88,[4,12]
89,[3,12]
90,[2,12]
91,[2,11]
92,[2,10]
93,[2,9]
