//Quantitative values
60	//Makespan
60	//Mission completion time hauler 1
28	//Application execution time (in millisecond)
//Path to the final points
0,[4,8]
1,[5,8]
2,[6,8]
3,[7,8]
4,[8,8]
5,[9,8]
6,[10,8]
7,[11,8]
8,[10,8]
9,[10,7]
10,[10,6]
11,[10,5]
12,[10,4]
13,[10,5]
14,[10,6]
15,[10,7]
16,[10,8]
17,[9,8]
18,[8,8]
19,[7,8]
20,[6,8]
21,[5,8]
22,[4,8]
23,[3,8]
24,[3,7]
25,[2,7]
26,[2,6]
27,[2,5]
28,[2,6]
29,[2,7]
30,[3,7]
31,[3,8]
32,[4,8]
33,[5,8]
34,[6,8]
35,[7,8]
36,[8,8]
37,[9,8]
38,[10,8]
39,[10,7]
40,[10,6]
41,[10,5]
42,[10,4]
43,[10,5]
44,[10,6]
45,[10,7]
46,[10,8]
47,[10,7]
48,[10,6]
49,[10,5]
50,[10,4]
51,[10,5]
52,[10,6]
53,[10,7]
54,[10,8]
55,[11,8]
56,[10,8]
57,[10,7]
58,[10,6]
59,[10,5]
60,[10,4]
