//Quantitative values
41	//Makespan
41	//Mission completion time hauler 1
18	//Application execution time (in millisecond)
//Path to the final points
0,[8,3]
1,[7,3]
2,[7,4]
3,[7,5]
4,[7,6]
5,[7,7]
6,[7,8]
7,[7,9]
8,[7,10]
9,[8,10]
10,[9,10]
11,[10,10]
12,[11,10]
13,[12,10]
14,[12,9]
15,[12,8]
16,[12,7]
17,[12,6]
18,[12,5]
19,[11,5]
20,[11,6]
21,[11,7]
22,[11,6]
23,[11,5]
24,[12,5]
25,[12,6]
26,[12,7]
27,[12,8]
28,[12,9]
29,[12,10]
30,[11,10]
31,[10,10]
32,[9,10]
33,[8,10]
34,[7,10]
35,[7,9]
36,[7,8]
37,[7,7]
38,[7,6]
39,[7,5]
40,[7,4]
41,[8,4]
