//Quantitative values
43	//Makespan
43	//Mission completion time hauler 1
6	//Application execution time (in millisecond)
//Path to the final points
0,[7,5]
1,[7,4]
2,[6,4]
3,[5,4]
4,[5,5]
5,[5,6]
6,[5,7]
7,[5,8]
8,[5,9]
9,[4,9]
10,[4,8]
11,[4,9]
12,[5,9]
13,[4,9]
14,[3,9]
15,[2,9]
16,[1,9]
17,[1,8]
18,[1,7]
19,[1,6]
20,[1,5]
21,[1,6]
22,[1,7]
23,[1,8]
24,[1,9]
25,[2,9]
26,[3,9]
27,[4,9]
28,[5,9]
29,[4,9]
30,[3,9]
31,[3,10]
32,[3,11]
33,[3,12]
34,[4,12]
35,[5,12]
36,[6,12]
37,[7,12]
38,[8,12]
39,[9,12]
40,[9,11]
41,[9,10]
42,[10,10]
43,[11,10]
