//Quantitative values
107	//Makespan
107	//Mission completion time hauler 1
17	//Application execution time (in millisecond)
//Path to the final points
0,[5,4]
1,[5,5]
2,[5,6]
3,[5,7]
4,[4,7]
5,[3,7]
6,[3,6]
7,[3,5]
8,[3,6]
9,[3,7]
10,[4,7]
11,[5,7]
12,[5,6]
13,[5,5]
14,[5,4]
15,[5,3]
16,[5,2]
17,[6,2]
18,[7,2]
19,[8,2]
20,[9,2]
21,[10,2]
22,[11,2]
23,[12,2]
24,[12,3]
25,[12,4]
26,[11,4]
27,[10,4]
28,[10,5]
29,[10,6]
30,[10,5]
31,[10,4]
32,[11,4]
33,[12,4]
34,[12,3]
35,[12,2]
36,[11,2]
37,[10,2]
38,[9,2]
39,[8,2]
40,[7,2]
41,[6,2]
42,[5,2]
43,[5,3]
44,[5,4]
45,[5,5]
46,[5,6]
47,[5,7]
48,[4,7]
49,[3,7]
50,[3,6]
51,[3,5]
52,[3,6]
53,[3,7]
54,[4,7]
55,[5,7]
56,[5,6]
57,[5,5]
58,[5,4]
59,[5,3]
60,[5,2]
61,[6,2]
62,[7,2]
63,[8,2]
64,[9,2]
65,[10,2]
66,[11,2]
67,[12,2]
68,[12,3]
69,[12,4]
70,[11,4]
71,[10,4]
72,[10,5]
73,[10,6]
74,[10,5]
75,[10,4]
76,[11,4]
77,[12,4]
78,[12,3]
79,[12,2]
80,[11,2]
81,[10,2]
82,[9,2]
83,[8,2]
84,[7,2]
85,[6,2]
86,[5,2]
87,[5,3]
88,[5,4]
89,[5,5]
90,[5,6]
91,[5,5]
92,[5,4]
93,[5,3]
94,[5,2]
95,[6,2]
96,[7,2]
97,[8,2]
98,[9,2]
99,[10,2]
100,[11,2]
101,[12,2]
102,[12,3]
103,[12,4]
104,[11,4]
105,[10,4]
106,[10,5]
107,[10,6]
