//Quantitative values
58	//Makespan
58	//Mission completion time hauler 1
16	//Application execution time (in millisecond)
//Path to the final points
0,[2,8]
1,[1,8]
2,[1,7]
3,[1,6]
4,[1,5]
5,[1,4]
6,[1,3]
7,[1,2]
8,[1,1]
9,[1,2]
10,[1,3]
11,[1,4]
12,[1,5]
13,[1,4]
14,[1,3]
15,[1,2]
16,[1,1]
17,[2,1]
18,[3,1]
19,[4,1]
20,[5,1]
21,[5,2]
22,[6,2]
23,[7,2]
24,[8,2]
25,[9,2]
26,[10,2]
27,[11,2]
28,[12,2]
29,[12,3]
30,[12,4]
31,[12,5]
32,[12,6]
33,[12,7]
34,[12,6]
35,[12,5]
36,[12,4]
37,[12,3]
38,[12,2]
39,[11,2]
40,[10,2]
41,[9,2]
42,[8,2]
43,[7,2]
44,[6,2]
45,[5,2]
46,[5,1]
47,[4,1]
48,[3,1]
49,[2,1]
50,[1,1]
51,[1,2]
52,[1,3]
53,[1,4]
54,[1,5]
55,[1,4]
56,[1,3]
57,[1,2]
58,[1,1]
